100
0 25 36 67 74 92 24 51 79 33 66 82 63 39 3 97 48 77 48 11 93 85 85 54 70 38 74 78 17 50 100 14 67 46 65 63 50 99 90 73 48 37 77 27 24 42 48 10 91 21 84 97 42 72 17 100 71 34 97 46 25 89 3 75 27 31 18 6 55 7 26 3 47 23 55 100 84 56 96 69 67 37 17 90 73 15 47 16 9 77 95 95 44 83 46 18 40 32 96 27 
25 0 96 52 40 100 79 27 6 28 24 75 78 54 37 66 25 36 79 39 68 14 93 4 79 57 40 52 94 12 57 35 30 32 82 76 49 46 45 66 24 34 59 74 99 18 21 92 46 20 1 80 15 33 66 95 73 14 43 74 79 65 65 50 3 8 16 64 17 7 49 15 14 20 45 36 62 38 40 94 14 42 83 50 78 98 38 16 54 26 10 47 18 2 2 93 43 57 24 11 
36 96 0 3 59 13 64 66 31 18 10 3 13 64 53 65 87 72 17 59 57 52 74 59 36 74 78 66 93 25 11 96 95 34 71 74 90 4 12 10 80 52 9 34 64 76 68 93 48 41 86 11 79 2 100 15 28 47 27 10 86 34 34 93 24 4 62 47 39 79 6 4 37 7 97 45 36 43 69 45 88 89 81 88 53 88 85 6 36 61 68 6 79 36 26 15 28 41 12 98 
67 52 3 0 41 6 87 17 68 25 68 3 38 13 17 27 71 21 71 69 59 60 69 33 45 57 73 15 29 92 78 51 51 33 15 13 89 50 29 25 54 66 67 49 60 55 20 66 31 35 90 29 44 91 18 38 41 76 1 66 41 63 5 28 17 77 87 41 80 26 23 29 77 71 32 53 99 71 55 51 90 20 94 71 95 82 85 47 56 67 83 5 57 6 44 44 98 13 31 84 
74 40 59 41 0 59 58 36 26 83 9 36 59 90 8 45 68 85 72 5 9 43 34 99 26 90 16 75 9 44 7 68 82 82 41 65 94 45 52 94 12 71 72 13 8 60 38 85 61 90 26 10 50 38 90 1 87 88 75 8 53 60 3 25 71 10 75 76 46 98 52 35 83 33 21 58 68 80 91 30 85 90 63 96 51 32 87 57 14 99 55 49 86 38 86 75 23 52 98 36 
92 100 13 6 59 0 67 43 5 25 54 86 42 43 64 32 16 36 71 20 48 66 10 21 98 70 21 12 5 74 25 15 13 39 1 68 31 85 14 79 20 81 33 20 31 5 66 100 53 50 49 54 94 62 78 97 13 79 43 48 43 24 48 93 40 31 10 21 66 59 81 64 26 86 95 60 48 6 18 97 19 51 19 32 29 92 99 90 84 39 54 31 65 10 11 21 40 4 43 15 
24 79 64 87 58 67 0 66 15 90 78 77 36 19 13 49 3 67 11 33 41 30 57 23 40 24 30 8 78 1 20 28 53 8 79 59 64 89 20 59 37 100 20 71 95 88 90 62 54 31 39 48 73 28 21 42 32 51 82 1 66 4 29 49 44 98 64 37 66 69 96 42 49 98 98 31 6 54 24 68 50 58 92 12 71 17 71 55 98 54 96 56 81 24 93 9 7 51 67 32 
51 27 66 17 36 43 66 0 59 56 74 34 97 95 95 22 64 10 1 59 57 7 22 70 41 40 33 26 29 63 86 22 4 87 11 58 45 5 27 16 57 94 67 56 30 32 98 13 13 87 41 89 66 35 86 66 30 19 31 19 53 79 35 63 44 70 2 84 97 1 22 11 66 24 45 41 71 82 71 13 39 94 95 45 52 97 90 78 97 49 11 84 9 60 7 21 86 38 11 16 
79 6 31 68 26 5 15 59 0 40 100 31 70 22 42 49 63 36 17 55 33 56 55 29 13 13 86 21 91 60 84 92 26 3 60 6 78 60 25 53 61 81 55 1 65 81 100 19 91 61 60 15 23 17 84 67 46 64 8 9 71 3 23 20 7 9 83 26 3 10 57 83 43 53 54 53 8 70 99 12 30 57 62 81 39 69 73 39 7 88 22 15 24 55 28 3 65 60 70 94 
33 28 18 25 83 25 90 56 40 0 15 88 96 90 6 3 42 71 31 18 16 68 23 62 60 10 60 31 42 89 17 30 59 16 77 52 24 24 73 79 13 54 9 42 7 4 10 33 100 42 29 2 34 85 30 1 11 53 61 83 32 16 92 57 40 18 75 87 70 98 9 56 52 9 16 30 2 85 91 83 98 40 21 5 22 27 24 26 45 49 43 97 97 100 81 79 73 79 88 9 
66 24 10 68 9 54 78 74 100 15 0 21 15 97 54 40 24 3 80 7 23 85 18 90 76 90 43 72 35 38 50 15 51 98 23 72 51 34 57 76 55 25 36 66 73 95 66 18 87 98 45 97 56 31 21 90 45 90 64 1 2 92 85 90 65 84 77 7 30 44 31 5 75 82 43 37 7 75 97 27 5 17 75 35 98 27 44 71 87 73 94 91 100 39 35 51 26 35 75 58 
82 75 3 3 36 86 77 34 31 88 21 0 70 87 74 100 49 93 66 8 24 43 8 51 55 52 57 16 7 3 40 74 81 9 24 33 14 49 77 58 83 89 54 49 93 93 1 70 51 92 15 70 15 45 58 66 57 26 72 12 1 87 50 49 48 14 97 70 22 63 11 63 87 5 70 33 74 78 32 47 41 24 54 44 46 48 19 19 13 31 23 34 51 26 77 51 50 31 92 56 
63 78 13 38 59 42 36 97 70 96 15 70 0 38 52 40 52 54 65 75 74 27 79 23 1 3 62 94 22 37 16 38 91 8 14 6 11 88 43 19 95 13 14 35 95 47 53 76 8 79 63 43 7 22 93 31 54 15 89 3 13 71 30 78 43 66 92 31 42 33 7 4 29 10 62 79 5 96 6 42 30 64 7 2 14 7 2 19 74 41 27 3 60 5 41 65 8 85 48 51 
39 54 64 13 90 43 19 95 22 90 97 87 38 0 59 76 21 71 46 9 3 37 10 57 47 79 79 24 62 55 61 13 70 31 9 92 98 93 90 56 2 97 10 39 18 64 10 83 34 2 55 91 44 19 17 79 93 6 84 96 81 42 62 71 20 4 40 100 28 76 32 74 53 11 26 14 43 69 6 59 36 16 70 32 81 65 96 84 52 53 98 49 6 34 27 72 58 91 97 99 
3 37 53 17 8 64 13 95 42 6 54 74 52 59 0 78 23 30 77 49 24 1 88 19 9 6 28 97 78 71 20 79 84 61 47 93 26 12 11 67 42 72 46 60 65 60 32 25 96 88 65 49 73 42 23 32 87 24 46 16 85 7 8 71 92 88 83 23 39 60 57 95 34 65 38 39 46 79 28 69 61 26 67 72 60 10 86 41 57 48 18 32 42 11 81 81 99 11 46 44 
97 66 65 27 45 32 49 22 49 3 40 100 40 76 78 0 98 76 62 57 37 8 11 66 29 88 54 85 97 56 70 8 5 7 23 42 50 10 4 9 30 73 99 9 30 81 27 93 74 63 56 97 98 31 60 48 26 88 100 79 99 19 86 5 19 87 82 68 65 12 43 36 83 47 32 83 72 20 62 25 85 93 39 80 18 95 15 55 81 30 78 38 50 21 22 38 77 18 11 90 
48 25 87 71 68 16 3 64 63 42 24 49 52 21 23 98 0 50 7 44 7 20 25 11 56 36 34 51 9 66 93 37 25 91 19 68 30 79 83 35 80 12 36 61 26 73 13 81 91 98 16 96 92 72 10 15 72 27 5 27 83 13 88 80 35 74 19 46 72 46 50 74 52 87 3 96 63 32 62 48 51 81 45 26 61 4 12 34 74 12 19 80 25 47 41 53 38 97 28 14 
77 36 72 21 85 36 67 10 36 71 3 93 54 71 30 76 50 0 86 48 77 2 2 39 22 1 68 79 35 61 95 29 81 28 79 8 6 90 79 78 77 98 44 95 46 2 52 90 42 32 88 58 79 76 63 98 3 5 12 88 94 84 25 47 66 42 89 15 67 32 23 89 30 56 1 83 20 18 51 53 67 34 55 41 69 32 9 40 25 67 51 9 30 66 63 45 65 37 84 24 
48 79 17 71 72 71 11 1 17 31 80 66 65 46 77 62 7 86 0 9 12 64 81 92 41 72 53 69 64 23 8 95 2 18 46 74 84 64 93 13 21 86 58 21 53 64 11 96 7 2 46 87 39 74 42 80 73 7 68 95 48 91 21 23 10 45 22 59 14 90 60 26 84 21 66 56 82 44 15 6 7 13 88 87 52 89 74 99 88 20 19 72 52 69 39 4 27 35 25 15 
11 39 59 69 5 20 33 59 55 18 7 8 75 9 49 57 44 48 9 0 33 55 54 98 58 100 34 90 42 63 29 61 13 48 35 80 84 12 19 18 64 33 55 51 71 11 66 3 48 90 56 46 2 69 17 9 59 30 72 2 17 11 57 87 44 75 33 81 37 65 93 74 54 23 62 71 47 44 11 19 29 15 100 67 97 51 9 41 4 83 86 99 4 61 85 40 89 48 8 72 
93 68 57 59 9 48 41 57 33 16 23 24 74 3 24 37 7 77 12 33 0 72 74 17 9 89 25 37 6 44 95 64 7 52 58 39 75 10 46 7 57 6 97 4 30 97 72 64 87 45 78 30 27 33 93 55 56 22 2 95 23 97 90 43 40 41 66 58 91 11 58 89 7 92 22 55 97 88 13 45 25 61 47 66 71 5 36 35 96 91 21 9 74 15 43 7 89 21 54 86 
85 14 52 60 43 66 30 7 56 68 85 43 27 37 1 8 20 2 64 55 72 0 22 98 54 58 92 38 87 73 29 65 51 20 61 68 72 16 48 29 88 80 54 30 72 14 97 39 63 10 33 25 10 76 78 40 31 93 38 36 68 8 6 67 10 64 30 90 85 18 73 59 9 29 18 90 45 34 34 62 35 85 29 66 65 23 54 11 39 10 50 69 73 42 31 85 46 33 63 85 
85 93 74 69 34 10 57 22 55 23 18 8 79 10 88 11 25 2 81 54 74 22 0 11 12 6 91 51 3 39 46 20 64 62 97 65 51 37 37 12 98 50 30 71 100 16 72 80 74 74 65 77 87 81 58 59 45 47 35 49 24 61 6 80 15 5 10 72 5 21 88 14 42 44 66 39 26 72 24 95 81 88 60 36 7 82 97 84 58 25 54 46 13 81 71 8 67 95 84 45 
54 4 59 33 99 21 23 70 29 62 90 51 23 57 19 66 11 39 92 98 17 98 11 0 34 58 31 72 92 88 84 51 9 43 85 16 30 2 94 13 58 53 29 68 33 76 75 44 32 16 36 77 57 78 18 25 73 34 65 29 68 53 35 75 63 26 78 77 69 25 82 10 27 42 77 28 32 49 76 30 33 97 92 18 16 98 8 65 91 45 73 42 63 11 92 53 10 39 98 45 
70 79 36 45 26 98 40 41 13 60 76 55 1 47 9 29 56 22 41 58 9 54 12 34 0 55 21 75 79 21 25 38 98 72 60 98 63 42 90 53 44 49 27 37 85 42 72 37 43 27 45 75 27 3 31 57 76 74 12 85 50 70 21 85 1 49 88 95 34 27 49 97 64 31 30 61 77 97 37 67 54 43 65 95 97 5 29 12 9 5 24 97 27 67 50 20 3 47 2 68 
38 57 74 57 90 70 24 40 13 10 90 52 3 79 6 88 36 1 72 100 89 58 6 58 55 0 60 97 85 30 75 10 49 93 91 51 21 17 26 48 11 39 91 9 68 47 5 56 11 41 49 60 44 88 42 29 28 59 67 34 86 96 21 65 78 57 61 69 22 73 56 4 38 91 97 95 16 85 35 63 19 55 84 25 36 5 49 34 59 99 75 92 23 91 32 91 72 92 10 35 
74 40 78 73 16 21 30 33 86 60 43 57 62 79 28 54 34 68 53 34 25 92 91 31 21 60 0 38 19 62 67 94 80 10 34 30 77 78 6 52 53 89 14 96 37 14 82 41 6 51 8 57 58 100 37 88 80 41 93 57 53 56 80 33 25 54 22 75 11 96 78 88 12 27 22 95 84 47 94 76 98 59 94 79 65 57 80 18 59 27 99 94 43 75 68 22 17 3 87 48 
78 52 66 15 75 12 8 26 21 31 72 16 94 24 97 85 51 79 69 90 37 38 51 72 75 97 38 0 90 93 6 7 65 84 15 3 16 2 8 32 71 78 63 79 31 91 10 77 6 16 64 5 16 53 18 96 66 37 17 86 69 81 5 80 61 83 87 94 79 34 31 78 67 13 98 80 82 82 73 3 83 61 29 59 28 93 62 80 8 6 5 80 63 64 39 85 25 87 46 25 
17 94 93 29 9 5 78 29 91 42 35 7 22 62 78 97 9 35 64 42 6 87 3 92 79 85 19 90 0 1 59 55 98 27 2 40 56 42 54 4 79 85 17 1 34 77 76 78 30 88 16 64 3 23 59 41 8 15 9 1 15 17 40 23 76 100 50 42 60 60 24 95 33 89 26 20 60 86 58 77 12 94 69 66 25 87 84 22 99 61 26 46 8 89 74 5 23 7 44 75 
50 12 25 92 44 74 1 63 60 89 38 3 37 55 71 56 66 61 23 63 44 73 39 88 21 30 62 93 1 0 50 32 19 74 90 32 39 11 97 55 47 84 99 100 92 97 58 74 40 43 76 85 4 26 2 89 13 58 56 58 12 43 33 89 78 81 57 14 15 86 6 50 79 62 47 48 94 26 92 6 24 52 45 9 41 78 69 33 86 43 15 38 37 5 2 75 89 1 22 31 
100 57 11 78 7 25 20 86 84 17 50 40 16 61 20 70 93 95 8 29 95 29 46 84 25 75 67 6 59 50 0 29 74 69 86 75 52 81 99 99 41 91 38 5 41 14 51 78 6 9 71 83 41 20 41 56 10 89 32 46 85 8 80 42 40 70 55 23 47 45 65 31 51 72 5 48 98 68 13 37 70 44 20 54 16 33 11 87 43 85 82 57 21 93 95 13 64 24 74 3 
14 35 96 51 68 15 28 22 92 30 15 74 38 13 79 8 37 29 95 61 64 65 20 51 38 10 94 7 55 32 29 0 45 30 52 14 77 80 47 68 58 34 70 52 80 1 22 19 60 61 15 29 35 18 84 95 61 84 44 30 68 13 28 39 58 83 23 96 4 7 63 39 8 12 70 61 12 73 5 73 72 51 72 95 53 45 22 71 43 36 22 35 20 49 62 84 82 4 28 11 
67 30 95 51 82 13 53 4 26 59 51 81 91 70 84 5 25 81 2 13 7 51 64 9 98 49 80 65 98 19 74 45 0 2 48 31 51 99 17 68 77 38 12 37 35 27 81 70 18 45 68 55 63 52 68 74 39 94 4 21 51 43 36 65 44 5 81 11 29 7 88 18 12 32 92 93 7 31 86 67 84 2 92 52 83 20 17 94 50 36 48 64 65 11 35 17 55 31 90 13 
46 32 34 33 82 39 8 87 3 16 98 9 8 31 61 7 91 28 18 48 52 20 62 43 72 93 10 84 27 74 69 30 2 0 63 22 44 20 80 98 7 95 60 45 65 35 40 66 23 53 15 63 33 78 12 75 8 86 96 84 98 32 3 95 59 94 98 74 7 81 88 49 40 68 96 8 26 93 57 20 35 36 1 4 35 99 19 90 96 49 29 66 15 51 41 66 88 88 58 35 
65 82 71 15 41 1 79 11 60 77 23 24 14 9 47 23 19 79 46 35 58 61 97 85 60 91 34 15 2 90 86 52 48 63 0 35 47 84 90 58 2 95 77 82 78 67 96 96 68 34 15 19 9 78 93 91 21 96 17 44 62 8 100 88 26 83 17 80 62 38 88 46 83 100 71 79 93 95 66 17 10 51 75 3 88 60 21 24 2 52 76 53 7 52 41 74 68 20 86 74 
63 76 74 13 65 68 59 58 6 52 72 33 6 92 93 42 68 8 74 80 39 68 65 16 98 51 30 3 40 32 75 14 31 22 35 0 69 42 66 4 99 22 65 5 65 87 1 24 82 13 79 95 55 74 77 51 39 19 90 63 37 72 96 67 40 37 74 48 18 47 22 34 62 28 83 26 20 85 24 69 88 80 41 49 9 85 74 6 79 50 9 96 13 91 15 19 76 51 30 38 
50 49 90 89 94 31 64 45 78 24 51 14 11 98 26 50 30 6 84 84 75 72 51 30 63 21 77 16 56 39 52 77 51 44 47 69 0 21 16 87 12 73 67 70 2 37 57 55 37 1 15 38 89 72 29 97 84 89 16 47 44 73 40 98 76 99 42 37 29 8 67 17 52 83 59 51 6 44 64 98 44 79 65 35 16 72 85 27 20 72 24 75 18 19 89 82 59 47 17 54 
99 46 4 50 45 85 89 5 60 24 34 49 88 93 12 10 79 90 64 12 10 16 37 2 42 17 78 2 42 11 81 80 99 20 84 42 21 0 29 30 21 20 24 28 46 79 92 55 51 47 28 39 17 75 13 71 11 91 19 58 52 51 29 89 26 69 21 12 67 59 97 62 3 41 13 26 78 39 18 68 36 79 15 25 37 34 70 55 70 51 9 26 9 55 26 82 36 83 39 33 
90 45 12 29 52 14 20 27 25 73 57 77 43 90 11 4 83 79 93 19 46 48 37 94 90 26 6 8 54 97 99 47 17 80 90 66 16 29 0 20 74 51 60 16 12 72 79 93 63 29 67 92 83 78 21 52 71 41 98 4 44 60 65 35 85 38 80 38 72 66 96 39 76 56 13 31 60 88 34 68 78 29 73 76 16 15 19 92 39 23 91 2 20 66 36 53 20 75 23 66 
73 66 10 25 94 79 59 16 53 79 76 58 19 56 67 9 35 78 13 18 7 29 12 13 53 48 52 32 4 55 99 68 68 98 58 4 87 30 20 0 10 13 61 98 98 64 78 4 66 49 46 10 22 47 64 60 5 75 14 30 64 36 61 30 39 36 34 56 32 49 69 95 5 47 17 22 88 41 57 54 45 47 65 18 16 91 100 51 43 74 16 85 50 64 50 85 93 39 87 25 
48 24 80 54 12 20 37 57 61 13 55 83 95 2 42 30 80 77 21 64 57 88 98 58 44 11 53 71 79 47 41 58 77 7 2 99 12 21 74 10 0 32 33 69 48 28 98 60 33 8 14 51 30 31 23 75 39 20 35 62 38 51 10 84 43 46 5 54 60 16 7 21 79 6 32 34 44 89 60 61 79 63 73 11 62 33 100 97 63 44 2 29 20 15 45 47 18 9 12 93 
37 34 52 66 71 81 100 94 81 54 25 89 13 97 72 73 12 98 86 33 6 80 50 53 49 39 89 78 85 84 91 34 38 95 95 22 73 20 51 13 32 0 21 4 76 63 99 56 56 47 70 98 12 33 81 12 63 83 42 58 32 9 32 24 32 5 29 31 49 40 86 65 36 24 68 7 51 99 55 35 21 4 9 91 38 33 85 24 10 45 53 78 9 10 89 91 93 65 4 50 
77 59 9 67 72 33 20 67 55 9 36 54 14 10 46 99 36 44 58 55 97 54 30 29 27 91 14 63 17 99 38 70 12 60 77 65 67 24 60 61 33 21 0 81 81 65 100 95 58 69 24 69 86 45 62 73 15 78 70 47 14 30 70 91 11 57 10 33 71 98 58 35 16 26 6 47 80 59 38 98 49 75 59 93 16 83 59 14 53 61 72 28 9 35 79 26 25 23 82 6 
27 74 34 49 13 20 71 56 1 42 66 49 35 39 60 9 61 95 21 51 4 30 71 68 37 9 96 79 1 100 5 52 37 45 82 5 70 28 16 98 69 4 81 0 1 97 34 47 3 69 52 51 50 27 93 8 50 39 62 78 38 83 81 20 50 45 22 93 89 24 28 27 100 4 42 8 9 15 24 71 22 16 1 46 62 29 70 45 21 57 81 92 58 43 6 41 6 94 22 36 
24 99 64 60 8 31 95 30 65 7 73 93 95 18 65 30 26 46 53 71 30 72 100 33 85 68 37 31 34 92 41 80 35 65 78 65 2 46 12 98 48 76 81 1 0 44 61 56 9 39 14 35 74 69 19 42 38 58 55 69 39 45 69 98 58 86 1 3 86 9 27 57 73 72 73 44 27 98 58 47 4 10 72 18 97 29 89 17 85 3 66 74 100 33 3 5 28 62 71 55 
42 18 76 55 60 5 88 32 81 4 95 93 47 64 60 81 73 2 64 11 97 14 16 76 42 47 14 91 77 97 14 1 27 35 67 87 37 79 72 64 28 63 65 97 44 0 24 66 98 14 4 34 8 69 28 79 12 98 99 18 83 96 71 1 80 12 42 24 15 42 73 12 9 87 85 96 63 79 56 53 27 99 54 12 92 17 57 53 13 47 34 82 53 46 61 35 78 24 46 13 
48 21 68 20 38 66 90 98 100 10 66 1 53 10 32 27 13 52 11 66 72 97 72 75 72 5 82 10 76 58 51 22 81 40 96 1 57 92 79 78 98 99 100 34 61 24 0 56 84 61 12 7 11 47 30 59 20 25 68 35 78 99 93 99 66 19 71 16 30 1 12 13 8 19 35 27 52 66 52 31 26 18 65 97 43 84 35 57 21 26 21 95 38 83 55 57 86 61 1 60 
10 92 93 66 85 100 62 13 19 33 18 70 76 83 25 93 81 90 96 3 64 39 80 44 37 56 41 77 78 74 78 19 70 66 96 24 55 55 93 4 60 56 95 47 56 66 56 0 12 83 90 30 41 31 68 49 62 62 76 88 21 42 38 66 55 65 13 25 84 33 49 81 24 57 82 91 33 87 98 21 90 82 31 16 87 42 12 33 65 22 82 88 56 9 25 98 32 29 83 90 
91 46 48 31 61 53 54 13 91 100 87 51 8 34 96 74 91 42 7 48 87 63 74 32 43 11 6 6 30 40 6 60 18 23 68 82 37 51 63 66 33 56 58 3 9 98 84 12 0 1 63 19 64 53 91 75 50 83 33 36 82 36 27 21 84 37 63 10 81 77 96 1 81 71 43 2 92 88 53 70 9 14 20 22 47 54 40 94 100 88 64 48 27 5 90 91 84 65 59 80 
21 20 41 35 90 50 31 87 61 42 98 92 79 2 88 63 98 32 2 90 45 10 74 16 27 41 51 16 88 43 9 61 45 53 34 13 1 47 29 49 8 47 69 69 39 14 61 83 1 0 95 79 99 34 30 47 1 25 55 38 72 42 13 50 61 74 65 69 25 22 21 30 56 35 95 16 33 95 97 19 70 7 3 85 52 35 32 18 98 63 28 27 23 99 16 44 26 86 40 40 
84 1 86 90 26 49 39 41 60 29 45 15 63 55 65 56 16 88 46 56 78 33 65 36 45 49 8 64 16 76 71 15 68 15 15 79 15 28 67 46 14 70 24 52 14 4 12 90 63 95 0 77 80 53 12 26 57 32 89 91 33 17 20 89 20 71 77 67 12 85 89 4 39 27 25 29 98 26 8 70 19 37 32 36 67 35 67 64 45 66 15 62 5 32 63 86 80 29 23 6 
97 80 11 29 10 54 48 89 15 2 97 70 43 91 49 97 96 58 87 46 30 25 77 77 75 60 57 5 64 85 83 29 55 63 19 95 38 39 92 10 51 98 69 51 35 34 7 30 19 79 77 0 87 15 7 45 15 83 89 29 67 65 95 42 62 73 5 75 26 94 9 12 76 3 55 27 33 52 3 67 88 59 50 42 69 90 89 39 17 40 87 31 59 18 35 67 35 64 43 17 
42 15 79 44 50 94 73 66 23 34 56 15 7 44 73 98 92 79 39 2 27 10 87 57 27 44 58 16 3 4 41 35 63 33 9 55 89 17 83 22 30 12 86 50 74 8 11 41 64 99 80 87 0 5 17 51 18 5 60 5 15 93 89 64 96 26 29 7 35 73 73 52 56 24 62 82 14 9 70 24 81 84 83 68 11 99 100 8 80 52 22 35 85 19 16 19 100 89 70 73 
72 33 2 91 38 62 28 35 17 85 31 45 22 19 42 31 72 76 74 69 33 76 81 78 3 88 100 53 23 26 20 18 52 78 78 74 72 75 78 47 31 33 45 27 69 69 47 31 53 34 53 15 5 0 31 69 81 89 85 97 1 73 55 1 33 11 57 36 7 2 61 71 88 42 26 33 73 88 68 57 27 72 63 97 69 58 8 72 33 62 84 87 37 2 98 59 3 78 87 86 
17 66 100 18 90 78 21 86 84 30 21 58 93 17 23 60 10 63 42 17 93 78 58 18 31 42 37 18 59 2 41 84 68 12 93 77 29 13 21 64 23 81 62 93 19 28 30 68 91 30 12 7 17 31 0 32 83 54 37 17 36 7 80 35 44 70 89 14 74 11 26 32 2 69 82 33 43 34 62 2 63 10 23 55 52 52 46 93 1 10 32 52 65 85 67 16 12 93 52 15 
100 95 15 38 1 97 42 66 67 1 90 66 31 79 32 48 15 98 80 9 55 40 59 25 57 29 88 96 41 89 56 95 74 75 91 51 97 71 52 60 75 12 73 8 42 79 59 49 75 47 26 45 51 69 32 0 36 71 96 89 51 9 18 90 10 6 20 100 93 26 80 67 80 52 32 84 43 57 65 16 45 54 89 52 11 34 78 9 28 71 42 68 88 75 96 53 57 54 97 59 
71 73 28 41 87 13 32 30 46 11 45 57 54 93 87 26 72 3 73 59 56 31 45 73 76 28 80 66 8 13 10 61 39 8 21 39 84 11 71 5 39 63 15 50 38 12 20 62 50 1 57 15 18 81 83 36 0 53 63 27 93 58 77 27 32 11 73 1 96 28 2 14 43 82 30 60 95 47 46 20 24 40 58 9 74 53 34 79 46 50 35 24 86 79 93 86 50 33 1 81 
34 14 47 76 88 79 51 19 64 53 90 26 15 6 24 88 27 5 7 30 22 93 47 34 74 59 41 37 15 58 89 84 94 86 96 19 89 91 41 75 20 83 78 39 58 98 25 62 83 25 32 83 5 89 54 71 53 0 21 38 24 59 58 40 93 69 49 16 48 74 87 87 21 32 16 32 1 43 86 30 99 78 44 52 44 64 22 16 53 98 29 15 44 83 81 35 22 80 80 50 
97 43 27 1 75 43 82 31 8 61 64 72 89 84 46 100 5 12 68 72 2 38 35 65 12 67 93 17 9 56 32 44 4 96 17 90 16 19 98 14 35 42 70 62 55 99 68 76 33 55 89 89 60 85 37 96 63 21 0 72 77 76 69 35 94 14 46 31 57 30 19 28 97 96 53 57 68 72 58 31 30 97 51 88 62 22 43 5 22 37 15 13 20 98 77 27 51 89 81 49 
46 74 10 66 8 48 1 19 9 83 1 12 3 96 16 79 27 88 95 2 95 36 49 29 85 34 57 86 1 58 46 30 21 84 44 63 47 58 4 30 62 58 47 78 69 18 35 88 36 38 91 29 5 97 17 89 27 38 72 0 99 8 4 59 17 96 100 23 48 59 48 65 64 13 47 65 72 12 42 3 77 9 33 97 65 60 35 65 5 96 1 26 99 64 27 70 11 99 3 55 
25 79 86 41 53 43 66 53 71 32 2 1 13 81 85 99 83 94 48 17 23 68 24 68 50 86 53 69 15 12 85 68 51 98 62 37 44 52 44 64 38 32 14 38 39 83 78 21 82 72 33 67 15 1 36 51 93 24 77 99 0 26 48 38 32 55 47 46 20 55 30 37 100 7 55 94 79 12 85 12 81 80 48 92 54 42 96 14 47 49 16 8 3 75 89 1 64 58 68 87 
89 65 34 63 60 24 4 79 3 16 92 87 71 42 7 19 13 84 91 11 97 8 61 53 70 96 56 81 17 43 8 13 43 32 8 72 73 51 60 36 51 9 30 83 45 96 99 42 36 42 17 65 93 73 7 9 58 59 76 8 26 0 18 66 26 94 46 73 18 79 95 81 82 72 26 38 84 35 15 78 70 2 39 38 19 39 44 9 42 33 89 72 63 50 43 91 69 86 27 40 
3 65 34 5 3 48 29 35 23 92 85 50 30 62 8 86 88 25 21 57 90 6 6 35 21 21 80 5 40 33 80 28 36 3 100 96 40 29 65 61 10 32 70 81 69 71 93 38 27 13 20 95 89 55 80 18 77 58 69 4 48 18 0 94 24 94 33 84 95 79 41 18 12 1 78 13 18 77 92 20 100 22 23 40 50 47 79 37 37 67 38 71 88 97 88 48 86 38 64 62 
75 50 93 28 25 93 49 63 20 57 90 49 78 71 71 5 80 47 23 87 43 67 80 75 85 65 33 80 23 89 42 39 65 95 88 67 98 89 35 30 84 24 91 20 98 1 99 66 21 50 89 42 64 1 35 90 27 40 35 59 38 66 94 0 6 70 66 75 24 72 42 79 10 40 99 40 42 16 60 62 14 19 52 94 40 62 43 31 98 92 86 37 57 75 90 51 36 87 25 52 
27 3 24 17 71 40 44 44 7 40 65 48 43 20 92 19 35 66 10 44 40 10 15 63 1 78 25 61 76 78 40 58 44 59 26 40 76 26 85 39 43 32 11 50 58 80 66 55 84 61 20 62 96 33 44 10 32 93 94 17 32 26 24 6 0 52 4 48 89 59 60 66 31 32 16 65 73 25 40 64 93 21 52 88 18 73 5 66 60 83 64 64 69 16 37 85 86 56 77 31 
31 8 4 77 10 31 98 70 9 18 84 14 66 4 88 87 74 42 45 75 41 64 5 26 49 57 54 83 100 81 70 83 5 94 83 37 99 69 38 36 46 5 57 45 86 12 19 65 37 74 71 73 26 11 70 6 11 69 14 96 55 94 94 70 52 0 98 34 24 45 54 78 29 55 25 9 73 93 41 3 93 3 59 40 7 18 89 67 57 3 94 70 44 65 38 16 85 49 43 66 
18 16 62 87 75 10 64 2 83 75 77 97 92 40 83 82 19 89 22 33 66 30 10 78 88 61 22 87 50 57 55 23 81 98 17 74 42 21 80 34 5 29 10 22 1 42 71 13 63 65 77 5 29 57 89 20 73 49 46 100 47 46 33 66 4 98 0 41 12 3 53 78 62 41 10 94 100 44 37 76 50 26 67 43 90 29 85 76 95 51 97 90 88 32 21 24 6 44 91 59 
6 64 47 41 76 21 37 84 26 87 7 70 31 100 23 68 46 15 59 81 58 90 72 77 95 69 75 94 42 14 23 96 11 74 80 48 37 12 38 56 54 31 33 93 3 24 16 25 10 69 67 75 7 36 14 100 1 16 31 23 46 73 84 75 48 34 41 0 77 43 77 23 51 85 19 21 61 61 51 97 50 63 100 30 96 65 59 57 29 54 40 68 17 9 39 12 35 55 79 68 
55 17 39 80 46 66 66 97 3 70 30 22 42 28 39 65 72 67 14 37 91 85 5 69 34 22 11 79 60 15 47 4 29 7 62 18 29 67 72 32 60 49 71 89 86 15 30 84 81 25 12 26 35 7 74 93 96 48 57 48 20 18 95 24 89 24 12 77 0 9 59 63 6 73 75 21 99 17 40 18 35 38 70 1 18 10 92 5 71 9 66 71 24 92 71 52 83 88 4 61 
7 7 79 26 98 59 69 1 10 98 44 63 33 76 60 12 46 32 90 65 11 18 21 25 27 73 96 34 60 86 45 7 7 81 38 47 8 59 66 49 16 40 98 24 9 42 1 33 77 22 85 94 73 2 11 26 28 74 30 59 55 79 79 72 59 45 3 43 9 0 56 99 90 59 52 95 90 47 36 44 24 87 53 43 86 37 1 41 22 58 37 69 52 48 42 83 9 92 81 92 
26 49 6 23 52 81 96 22 57 9 31 11 7 32 57 43 50 23 60 93 58 73 88 82 49 56 78 31 24 6 65 63 88 88 88 22 67 97 96 69 7 86 58 28 27 73 12 49 96 21 89 9 73 61 26 80 2 87 19 48 30 95 41 42 60 54 53 77 59 56 0 72 34 57 59 80 58 51 69 55 4 100 80 15 74 50 15 86 51 91 14 61 11 20 43 72 94 88 38 22 
3 15 4 29 35 64 42 11 83 56 5 63 4 74 95 36 74 89 26 74 89 59 14 10 97 4 88 78 95 50 31 39 18 49 46 34 17 62 39 95 21 65 35 27 57 12 13 81 1 30 4 12 52 71 32 67 14 87 28 65 37 81 18 79 66 78 78 23 63 99 72 0 14 59 49 68 75 93 63 100 66 41 28 90 24 72 4 43 30 72 44 87 32 6 58 91 87 26 66 63 
47 14 37 77 83 26 49 66 43 52 75 87 29 53 34 83 52 30 84 54 7 9 42 27 64 38 12 67 33 79 51 8 12 40 83 62 52 3 76 5 79 36 16 100 73 9 8 24 81 56 39 76 56 88 2 80 43 21 97 64 100 82 12 10 31 29 62 51 6 90 34 14 0 81 24 51 14 11 67 68 48 2 79 24 79 87 28 71 55 80 54 44 53 42 77 21 61 10 78 31 
23 20 7 71 33 86 98 24 53 9 82 5 10 11 65 47 87 56 21 23 92 29 44 42 31 91 27 13 89 62 72 12 32 68 100 28 83 41 56 47 6 24 26 4 72 87 19 57 71 35 27 3 24 42 69 52 82 32 96 13 7 72 1 40 32 55 41 85 73 59 57 59 81 0 68 74 98 80 44 46 43 20 91 80 6 43 97 87 39 57 65 73 55 38 76 22 39 79 2 27 
55 45 97 32 21 95 98 45 54 16 43 70 62 26 38 32 3 1 66 62 22 18 66 77 30 97 22 98 26 47 5 70 92 96 71 83 59 13 13 17 32 68 6 42 73 85 35 82 43 95 25 55 62 26 82 32 30 16 53 47 55 26 78 99 16 25 10 19 75 52 59 49 24 68 0 10 100 85 39 51 4 64 49 9 14 95 87 84 44 99 29 42 57 42 42 47 7 34 14 95 
100 36 45 53 58 60 31 41 53 30 37 33 79 14 39 83 96 83 56 71 55 90 39 28 61 95 95 80 20 48 48 61 93 8 79 26 51 26 31 22 34 7 47 8 44 96 27 91 2 16 29 27 82 33 33 84 60 32 57 65 94 38 13 40 65 9 94 21 21 95 80 68 51 74 10 0 33 48 39 31 6 98 28 7 45 17 68 75 5 98 61 45 26 36 64 47 100 34 77 34 
84 62 36 99 68 48 6 71 8 2 7 74 5 43 46 72 63 20 82 47 97 45 26 32 77 16 84 82 60 94 98 12 7 26 93 20 6 78 60 88 44 51 80 9 27 63 52 33 92 33 98 33 14 73 43 43 95 1 68 72 79 84 18 42 73 73 100 61 99 90 58 75 14 98 100 33 0 19 62 13 95 50 99 51 75 64 91 42 16 31 77 25 16 31 23 75 61 94 49 17 
56 38 43 71 80 6 54 82 70 85 75 78 96 69 79 20 32 18 44 44 88 34 72 49 97 85 47 82 86 26 68 73 31 93 95 85 44 39 88 41 89 99 59 15 98 79 66 87 88 95 26 52 9 88 34 57 47 43 72 12 12 35 77 16 25 93 44 61 17 47 51 93 11 80 85 48 19 0 86 72 52 34 23 67 98 61 40 33 14 74 8 40 30 14 22 73 36 95 91 66 
96 40 69 55 91 18 24 71 99 91 97 32 6 6 28 62 62 51 15 11 13 34 24 76 37 35 94 73 58 92 13 5 86 57 66 24 64 18 34 57 60 55 38 24 58 56 52 98 53 97 8 3 70 68 62 65 46 86 58 42 85 15 92 60 40 41 37 51 40 36 69 63 67 44 39 39 62 86 0 86 82 100 43 19 82 39 41 48 7 61 9 46 36 17 35 37 24 98 47 52 
69 94 45 51 30 97 68 13 12 83 27 47 42 59 69 25 48 53 6 19 45 62 95 30 67 63 76 3 77 6 37 73 67 20 17 69 98 68 68 54 61 35 98 71 47 53 31 21 70 19 70 67 24 57 2 16 20 30 31 3 12 78 20 62 64 3 76 97 18 44 55 100 68 46 51 31 13 72 86 0 55 79 20 100 74 95 86 73 49 52 83 77 78 21 75 38 71 7 80 14 
67 14 88 90 85 19 50 39 30 98 5 41 30 36 61 85 51 67 7 29 25 35 81 33 54 19 98 83 12 24 70 72 84 35 10 88 44 36 78 45 79 21 49 22 4 27 26 90 9 70 19 88 81 27 63 45 24 99 30 77 81 70 100 14 93 93 50 50 35 24 4 66 48 43 4 6 95 52 82 55 0 10 39 79 19 71 82 100 29 96 93 87 48 40 42 29 35 96 99 58 
37 42 89 20 90 51 58 94 57 40 17 24 64 16 26 93 81 34 13 15 61 85 88 97 43 55 59 61 94 52 44 51 2 36 51 80 79 79 29 47 63 4 75 16 10 99 18 82 14 7 37 59 84 72 10 54 40 78 97 9 80 2 22 19 21 3 26 63 38 87 100 41 2 20 64 98 50 34 100 79 10 0 5 91 10 36 38 68 26 34 58 22 35 21 64 67 30 36 8 7 
17 83 81 94 63 19 92 95 62 21 75 54 7 70 67 39 45 55 88 100 47 29 60 92 65 84 94 29 69 45 20 72 92 1 75 41 65 15 73 65 73 9 59 1 72 54 65 31 20 3 32 50 83 63 23 89 58 44 51 33 48 39 23 52 52 59 67 100 70 53 80 28 79 91 49 28 99 23 43 20 39 5 0 93 62 83 3 13 25 32 11 13 24 68 82 11 62 14 72 54 
90 50 88 71 96 32 12 45 81 5 35 44 2 32 72 80 26 41 87 67 66 66 36 18 95 25 79 59 66 9 54 95 52 4 3 49 35 25 76 18 11 91 93 46 18 12 97 16 22 85 36 42 68 97 55 52 9 52 88 97 92 38 40 94 88 40 43 30 1 43 15 90 24 80 9 7 51 67 19 100 79 91 93 0 78 41 97 49 29 90 18 29 10 24 23 49 29 39 33 22 
73 78 53 95 51 29 71 52 39 22 98 46 14 81 60 18 61 69 52 97 71 65 7 16 97 36 65 28 25 41 16 53 83 35 88 9 16 37 16 16 62 38 16 62 97 92 43 87 47 52 67 69 11 69 52 11 74 44 62 65 54 19 50 40 18 7 90 96 18 86 74 24 79 6 14 45 75 98 82 74 19 10 62 78 0 99 40 93 57 79 68 19 56 100 68 25 90 29 94 25 
15 98 88 82 32 92 17 97 69 27 27 48 7 65 10 95 4 32 89 51 5 23 82 98 5 5 57 93 87 78 33 45 20 99 60 85 72 34 15 91 33 33 83 29 29 17 84 42 54 35 35 90 99 58 52 34 53 64 22 60 42 39 47 62 73 18 29 65 10 37 50 72 87 43 95 17 64 61 39 95 71 36 83 41 99 0 85 14 88 77 27 32 64 46 70 50 72 36 41 97 
47 38 85 85 87 99 71 90 73 24 44 19 2 96 86 15 12 9 74 9 36 54 97 8 29 49 80 62 84 69 11 22 17 19 21 74 85 70 19 100 100 85 59 70 89 57 35 12 40 32 67 89 100 8 46 78 34 22 43 35 96 44 79 43 5 89 85 59 92 1 15 4 28 97 87 68 91 40 41 86 82 38 3 97 40 85 0 78 8 22 77 15 86 24 79 51 50 88 74 28 
16 16 6 47 57 90 55 78 39 26 71 19 19 84 41 55 34 40 99 41 35 11 84 65 12 34 18 80 22 33 87 71 94 90 24 6 27 55 92 51 97 24 14 45 17 53 57 33 94 18 64 39 8 72 93 9 79 16 5 65 14 9 37 31 66 67 76 57 5 41 86 43 71 87 84 75 42 33 48 73 100 68 13 49 93 14 78 0 63 90 15 47 7 36 22 78 72 99 37 8 
9 54 36 56 14 84 98 97 7 45 87 13 74 52 57 81 74 25 88 4 96 39 58 91 9 59 59 8 99 86 43 43 50 96 2 79 20 70 39 43 63 10 53 21 85 13 21 65 100 98 45 17 80 33 1 28 46 53 22 5 47 42 37 98 60 57 95 29 71 22 51 30 55 39 44 5 16 14 7 49 29 26 25 29 57 88 8 63 0 61 74 56 28 35 82 26 76 47 91 41 
77 26 61 67 99 39 54 49 88 49 73 31 41 53 48 30 12 67 20 83 91 10 25 45 5 99 27 6 61 43 85 36 36 49 52 50 72 51 23 74 44 45 61 57 3 47 26 22 88 63 66 40 52 62 10 71 50 98 37 96 49 33 67 92 83 3 51 54 9 58 91 72 80 57 99 98 31 74 61 52 96 34 32 90 79 77 22 90 61 0 54 72 84 65 69 75 71 2 75 14 
95 10 68 83 55 54 96 11 22 43 94 23 27 98 18 78 19 51 19 86 21 50 54 73 24 75 99 5 26 15 82 22 48 29 76 9 24 9 91 16 2 53 72 81 66 34 21 82 64 28 15 87 22 84 32 42 35 29 15 1 16 89 38 86 64 94 97 40 66 37 14 44 54 65 29 61 77 8 9 83 93 58 11 18 68 27 77 15 74 54 0 52 25 68 89 66 53 52 96 9 
95 47 6 5 49 31 56 84 15 97 91 34 3 49 32 38 80 9 72 99 9 69 46 42 97 92 94 80 46 38 57 35 64 66 53 96 75 26 2 85 29 78 28 92 74 82 95 88 48 27 62 31 35 87 52 68 24 15 13 26 8 72 71 37 64 70 90 68 71 69 61 87 44 73 42 45 25 40 46 77 87 22 13 29 19 32 15 47 56 72 52 0 65 27 51 35 19 89 25 39 
44 18 79 57 86 65 81 9 24 97 100 51 60 6 42 50 25 30 52 4 74 73 13 63 27 23 43 63 8 37 21 20 65 15 7 13 18 9 20 50 20 9 9 58 100 53 38 56 27 23 5 59 85 37 65 88 86 44 20 99 3 63 88 57 69 44 88 17 24 52 11 32 53 55 57 26 16 30 36 78 48 35 24 10 56 64 86 7 28 84 25 65 0 51 90 46 11 88 86 5 
83 2 36 6 38 10 24 60 55 100 39 26 5 34 11 21 47 66 69 61 15 42 81 11 67 91 75 64 89 5 93 49 11 51 52 91 19 55 66 64 15 10 35 43 33 46 83 9 5 99 32 18 19 2 85 75 79 83 98 64 75 50 97 75 16 65 32 9 92 48 20 6 42 38 42 36 31 14 17 21 40 21 68 24 100 46 24 36 35 65 68 27 51 0 99 9 39 70 91 43 
46 2 26 44 86 11 93 7 28 81 35 77 41 27 81 22 41 63 39 85 43 31 71 92 50 32 68 39 74 2 95 62 35 41 41 15 89 26 36 50 45 89 79 6 3 61 55 25 90 16 63 35 16 98 67 96 93 81 77 27 89 43 88 90 37 38 21 39 71 42 43 58 77 76 42 64 23 22 35 75 42 64 82 23 68 70 79 22 82 69 89 51 90 99 0 71 63 68 85 18 
18 93 15 44 75 21 9 21 3 79 51 51 65 72 81 38 53 45 4 40 7 85 8 53 20 91 22 85 5 75 13 84 17 66 74 19 82 82 53 85 47 91 26 41 5 35 57 98 91 44 86 67 19 59 16 53 86 35 27 70 1 91 48 51 85 16 24 12 52 83 72 91 21 22 47 47 75 73 37 38 29 67 11 49 25 50 51 78 26 75 66 35 46 9 71 0 36 47 70 5 
40 43 28 98 23 40 7 86 65 73 26 50 8 58 99 77 38 65 27 89 89 46 67 10 3 72 17 25 23 89 64 82 55 88 68 76 59 36 20 93 18 93 25 6 28 78 86 32 84 26 80 35 100 3 12 57 50 22 51 11 64 69 86 36 86 85 6 35 83 9 94 87 61 39 7 100 61 36 24 71 35 30 62 29 90 72 50 72 76 71 53 19 11 39 63 36 0 11 25 51 
32 57 41 13 52 4 51 38 60 79 35 31 85 91 11 18 97 37 35 48 21 33 95 39 47 92 3 87 7 1 24 4 31 88 20 51 47 83 75 39 9 65 23 94 62 24 61 29 65 86 29 64 89 78 93 54 33 80 89 99 58 86 38 87 56 49 44 55 88 92 88 26 10 79 34 34 94 95 98 7 96 36 14 39 29 36 88 99 47 2 52 89 88 70 68 47 11 0 31 66 
96 24 12 31 98 43 67 11 70 88 75 92 48 97 46 11 28 84 25 8 54 63 84 98 2 10 87 46 44 22 74 28 90 58 86 30 17 39 23 87 12 4 82 22 71 46 1 83 59 40 23 43 70 87 52 97 1 80 81 3 68 27 64 25 77 43 91 79 4 81 38 66 78 2 14 77 49 91 47 80 99 8 72 33 94 41 74 37 91 75 96 25 86 91 85 70 25 31 0 40 
27 11 98 84 36 15 32 16 94 9 58 56 51 99 44 90 14 24 15 72 86 85 45 45 68 35 48 25 75 31 3 11 13 35 74 38 54 33 66 25 93 50 6 36 55 13 60 90 80 40 6 17 73 86 15 59 81 50 49 55 87 40 62 52 31 66 59 68 61 92 22 63 31 27 95 34 17 66 52 14 58 7 54 22 25 97 28 8 41 14 9 39 5 43 18 5 51 66 40 0 
