1000 50000
64 186
82 184
89 296
46 378
45 168
69 342
25 82
57 232
93 432
57 282
69 499
40 170
26 231
49 123
74 91
16 368
16 29
41 200
16 107
51 141
65 222
60 456
44 65
55 460
44 393
70 118
38 184
17 289
35 460
63 389
31 62
71 58
24 82
62 14
84 33
51 122
4 340
34 352
69 38
77 269
91 193
56 255
100 177
49 25
54 422
51 446
72 302
10 395
17 82
3 432
62 230
8 320
89 262
99 272
47 256
47 149
20 303
63 217
67 60
70 324
15 11
87 367
40 148
82 164
3 468
93 231
41 246
36 52
89 273
59 423
48 172
2 445
84 7
63 67
81 347
6 212
59 169
41 225
32 131
45 305
93 64
93 227
38 326
97 326
15 468
54 480
65 164
96 388
54 365
68 106
99 246
23 338
66 379
87 103
3 212
12 73
72 471
58 435
93 105
37 198
85 220
52 392
45 6
30 28
68 250
18 334
8 123
43 469
55 438
59 48
66 277
79 114
67 100
79 377
37 183
46 380
20 248
25 75
32 202
25 103
6 345
54 23
17 44
64 495
55 221
27 343
89 412
87 422
47 371
14 343
22 89
70 203
54 316
74 217
92 415
79 402
21 147
78 449
29 1
40 154
70 344
58 313
99 93
26 150
83 357
50 326
66 9
100 85
27 464
65 205
11 468
10 137
45 194
31 124
30 144
34 343
39 308
20 214
48 26
74 34
28 333
7 322
98 366
39 328
82 81
99 469
69 384
80 336
77 340
50 27
4 91
30 274
46 120
45 74
77 313
49 430
69 191
73 331
17 165
81 125
76 294
41 403
71 108
7 183
94 481
69 411
56 349
87 83
84 332
29 192
18 482
61 313
35 99
32 88
37 184
29 251
100 115
53 140
8 286
85 213
47 55
57 228
82 123
23 222
81 344
72 34
26 255
61 280
66 306
68 67
66 322
71 372
91 65
69 48
1 222
60 315
93 352
15 238
33 44
65 30
12 333
34 138
50 286
53 47
37 103
65 242
37 444
75 2
57 475
80 34
58 146
59 33
95 168
74 400
90 208
22 469
86 18
79 477
26 154
88 450
100 59
71 58
6 73
93 278
81 221
49 440
10 488
58 495
62 145
33 144
17 67
88 117
26 200
99 295
13 368
36 177
49 88
2 231
84 429
62 224
20 260
70 108
50 67
85 449
70 169
90 204
40 74
72 138
89 221
54 72
99 363
44 36
82 384
2 480
43 124
60 448
37 322
2 191
21 204
12 30
74 7
8 249
10 72
30 390
79 239
37 23
93 271
80 222
7 219
20 459
77 3
56 446
37 490
1 469
64 74
63 228
66 436
47 219
65 101
3 8
3 222
2 369
95 348
93 284
5 140
98 358
4 69
30 333
31 349
59 334
7 85
10 149
84 275
35 289
2 362
13 283
9 145
43 66
92 119
9 390
95 275
14 106
32 218
79 78
40 301
64 73
33 269
41 254
33 192
100 141
8 250
97 164
87 332
78 74
37 195
9 292
10 296
10 99
30 79
81 37
55 325
4 15
22 427
29 390
32 131
66 421
95 357
76 379
34 151
65 53
98 457
21 434
50 419
96 272
85 171
98 150
45 446
35 224
72 178
56 295
35 81
57 282
33 400
85 116
89 50
86 471
69 139
58 39
58 173
43 263
46 246
73 13
18 498
73 500
8 410
59 251
38 109
29 380
80 94
75 110
26 218
31 459
9 443
42 24
19 130
58 210
17 413
97 305
53 327
38 415
45 404
55 467
82 328
75 339
52 47
48 487
1 459
83 226
56 265
50 389
92 476
47 490
61 279
48 95
75 393
83 205
88 135
42 3
11 160
77 54
58 28
51 257
71 119
58 412
79 123
39 486
74 105
13 251
63 344
13 71
79 431
86 449
100 471
70 307
8 307
92 391
93 268
16 285
36 324
72 161
37 39
16 323
5 60
60 341
34 268
68 273
2 489
32 392
35 245
1 143
2 317
73 216
51 427
90 286
71 277
73 120
11 389
68 224
64 358
88 112
7 444
97 129
87 159
2 50
69 484
85 198
92 12
2 366
73 93
3 366
56 459
41 443
8 315
33 436
71 130
1 187
6 155
8 383
87 346
74 443
71 340
81 477
19 298
33 216
97 247
34 248
81 464
56 480
57 283
98 292
23 16
95 159
14 382
17 470
62 264
62 59
33 198
1 140
30 319
44 344
51 332
75 239
39 131
62 124
13 292
99 476
20 272
38 356
3 264
96 143
75 408
9 389
70 100
5 199
50 369
21 328
51 257
39 304
69 105
71 467
53 467
84 328
37 127
94 110
2 405
25 274
34 383
58 430
23 253
33 286
39 218
75 253
40 17
80 27
13 152
92 140
45 359
89 39
59 192
28 488
99 69
40 123
21 271
19 378
23 322
45 152
100 481
86 440
50 376
75 307
23 7
31 209
84 216
62 155
73 87
98 296
5 181
90 69
21 267
67 237
55 137
81 403
45 319
34 174
70 490
80 470
24 22
65 276
82 446
35 106
80 13
2 108
21 128
37 310
65 344
74 443
35 221
29 29
60 435
95 286
16 176
100 422
48 326
99 182
85 422
20 445
84 177
66 469
7 458
62 232
54 53
80 203
94 491
61 107
98 113
13 34
55 481
57 192
66 358
39 235
87 175
81 308
96 403
84 159
9 416
62 40
67 222
57 195
28 93
97 136
98 181
28 488
84 77
53 196
27 102
55 247
76 398
62 218
37 24
10 230
38 137
79 326
18 491
73 133
86 301
74 434
30 244
84 182
22 101
74 202
18 355
18 301
33 245
24 89
98 219
6 165
56 489
75 33
32 81
69 434
44 119
74 203
6 485
85 85
78 348
90 329
100 224
95 415
25 266
41 415
47 176
59 257
52 233
57 227
8 487
7 18
65 209
34 268
83 169
71 8
19 78
48 355
40 129
24 143
81 9
7 81
94 164
56 34
37 324
84 126
18 286
92 308
38 397
35 305
89 334
47 197
34 212
84 138
51 34
68 278
53 108
28 323
53 262
55 456
48 146
98 499
44 292
88 429
11 203
75 110
59 299
83 130
7 60
41 159
13 180
27 80
12 433
94 265
80 94
39 291
44 244
54 270
35 475
96 314
19 73
4 367
2 225
81 328
41 169
21 286
85 154
1 80
27 280
43 114
4 328
60 275
42 124
56 251
22 43
78 93
54 153
49 111
69 90
7 475
32 240
35 238
64 321
18 48
17 371
97 235
97 445
70 379
85 189
24 337
71 282
32 366
5 247
22 231
17 376
99 331
70 175
11 89
89 392
74 450
99 360
91 76
2 4
53 312
2 68
62 46
26 490
85 43
12 85
18 271
77 418
19 356
92 265
61 333
5 319
65 331
8 290
45 473
3 342
90 54
85 19
22 280
68 347
64 230
74 97
15 359
22 89
69 245
73 267
10 247
31 170
51 131
5 474
59 382
30 338
95 285
45 493
72 28
21 271
99 41
48 370
36 243
32 311
44 467
67 95
32 67
96 254
93 97
78 43
49 111
13 452
81 225
87 406
93 166
16 32
13 54
81 421
89 58
90 48
40 458
90 363
20 77
99 262
81 215
66 397
83 87
24 456
28 61
70 299
19 457
58 405
66 390
10 228
66 26
60 342
84 122
15 343
46 448
49 358
4 167
38 96
73 359
80 399
81 218
15 443
95 251
90 15
46 368
99 434
71 21
43 283
74 439
74 269
67 473
30 91
23 446
49 325
83 95
68 140
82 356
29 3
54 282
33 261
9 314
31 68
93 272
47 270
1 284
54 3
85 332
29 248
56 476
48 267
61 315
85 119
77 407
45 337
6 371
15 123
11 54
82 164
2 358
20 248
90 342
64 405
22 21
43 197
25 185
6 267
100 195
31 321
36 271
87 235
13 226
99 357
72 385
89 145
83 481
53 471
99 497
43 189
12 228
43 119
85 40
52 327
42 494
85 237
69 83
2 181
85 210
29 300
44 375
8 95
5 495
42 241
85 405
48 73
9 421
42 5
51 443
74 381
16 325
64 475
15 20
94 281
48 237
86 63
79 60
86 63
18 305
92 438
36 458
62 129
44 259
23 355
45 332
79 325
63 224
91 419
46 423
60 145
77 141
58 106
62 247
96 256
56 7
83 217
40 283
94 427
33 219
47 286
82 80
3 213
5 275
99 266
66 206
52 272
96 75
76 166
75 446
1 78
65 245
30 46
86 246
76 433
7 165
46 189
10 367
4 263
84 486
96 23
42 217
14 91
9 115
77 22
99 435
54 362
79 87
61 437
56 213
27 306
48 81
27 232
45 72
31 387
87 217
25 243
80 310
76 225
3 385
37 35
51 231
99 331
8 452
46 19
72 57
95 99
19 71
7 431
67 349
23 459
85 411
74 21
12 107
69 458
20 468
43 339
74 318
39 441
82 345
87 123
80 82
50 95
64 90
37 115
88 48
9 481
64 437
72 33
72 433
35 270
44 229
83 420
15 487
63 309
12 426
