10000 500000
36 233
34 435
49 470
43 483
50 351
88 62
44 148
95 211
87 499
57 384
18 70
77 189
94 269
52 196
90 477
90 207
46 73
13 162
15 364
100 178
13 92
75 483
74 121
26 341
94 184
67 292
12 193
100 218
48 459
28 207
57 152
60 52
81 180
97 345
86 42
28 259
3 296
94 442
63 183
25 250
10 395
30 225
70 136
17 344
24 373
50 449
63 499
78 248
44 438
65 37
62 267
65 162
8 469
51 5
9 350
8 252
58 57
11 486
39 125
8 413
79 439
64 194
61 348
52 365
79 237
99 330
100 427
36 406
15 231
55 274
25 30
39 277
3 332
68 384
84 14
38 423
40 362
5 110
98 454
70 161
3 319
6 15
12 375
46 205
24 172
47 90
85 328
98 342
49 466
31 231
100 351
85 459
44 192
49 404
75 269
4 481
76 163
66 122
37 354
49 49
8 2
97 29
21 275
81 351
43 247
90 307
69 110
47 493
66 296
100 57
52 174
43 288
98 98
51 449
36 340
83 123
83 473
43 367
21 332
1 363
1 273
39 396
63 233
34 117
91 275
26 214
80 440
85 436
72 30
69 497
28 202
98 194
100 111
88 455
64 385
48 256
21 226
32 285
47 284
40 43
43 119
68 57
32 72
83 91
46 377
97 342
54 235
32 384
88 26
67 79
18 20
67 24
100 293
95 196
77 57
40 66
53 55
56 274
7 464
74 346
9 135
69 188
17 431
32 431
15 138
82 25
12 481
51 320
81 243
47 191
96 242
25 140
94 159
59 23
94 478
4 109
89 75
26 314
38 211
97 500
92 409
68 318
30 438
38 112
46 155
44 231
9 222
69 67
45 284
78 462
4 366
39 480
21 49
37 237
1 422
45 35
67 81
21 253
79 493
18 24
83 385
38 83
75 310
63 272
27 361
75 488
42 74
93 71
81 221
4 406
9 72
71 172
97 9
41 96
92 210
98 31
57 138
81 485
43 477
43 298
67 366
51 465
4 248
64 221
55 300
29 342
59 134
55 131
82 290
24 345
56 311
97 498
4 356
25 139
56 427
97 275
66 52
35 65
37 191
95 51
97 269
46 236
38 6
57 483
93 366
66 6
88 414
85 105
67 369
50 22
79 489
29 253
68 286
54 392
86 368
14 105
39 228
53 315
55 214
57 458
75 228
63 85
55 366
81 188
34 13
8 114
68 185
55 369
20 176
3 285
82 242
65 243
54 286
17 42
45 282
79 98
47 405
7 58
54 176
53 471
63 167
79 363
2 237
11 111
46 179
76 161
50 365
72 249
89 361
33 350
33 125
100 371
70 11
59 407
37 279
17 494
51 291
76 185
18 293
45 123
12 294
32 65
1 290
11 222
62 188
67 211
2 355
10 331
80 433
77 115
79 39
73 184
9 157
45 71
43 392
26 401
19 333
95 382
76 227
6 420
34 40
10 29
57 244
14 149
16 371
18 133
45 16
1 358
15 46
31 410
30 74
64 292
82 384
89 167
34 50
93 181
7 275
26 16
30 261
37 116
62 70
39 150
94 163
65 416
25 353
11 130
54 467
57 265
19 348
2 243
96 95
96 2
89 24
7 47
40 33
81 377
40 389
94 394
7 163
10 414
68 482
59 163
80 468
51 176
22 472
58 205
38 89
51 462
64 232
77 308
100 152
68 500
79 160
73 293
87 324
66 224
48 418
85 141
100 364
8 233
60 13
41 118
59 456
79 31
18 421
96 449
77 371
32 101
86 64
27 278
99 187
74 373
4 188
96 235
61 335
2 264
73 38
71 246
84 316
78 259
18 126
52 359
32 101
91 183
2 324
7 286
94 183
63 10
25 132
31 87
99 61
95 216
76 195
68 161
28 182
33 355
66 224
70 197
48 486
80 408
50 244
35 222
49 209
39 368
66 135
28 71
80 115
94 390
58 408
49 402
64 297
13 147
43 141
68 57
98 295
46 482
52 136
58 492
100 283
60 64
92 391
26 300
53 497
22 243
82 414
96 15
87 297
96 279
32 76
67 337
82 491
23 306
76 393
60 240
2 159
32 109
79 411
93 426
29 133
85 44
85 260
91 474
50 247
48 319
61 309
20 406
87 2
90 328
96 486
21 384
40 16
77 326
70 476
97 32
10 417
6 456
78 38
48 332
33 406
16 418
96 433
45 332
26 380
75 419
93 396
21 38
85 427
34 462
85 452
74 475
84 364
21 26
78 153
81 341
67 462
60 117
11 83
92 259
34 142
26 269
89 414
40 92
34 159
86 82
21 14
56 348
36 455
82 385
12 88
100 488
12 263
23 40
54 439
12 262
8 499
35 488
80 448
90 400
75 444
71 138
46 114
75 245
70 96
93 322
46 67
19 267
86 390
3 235
14 262
16 155
95 288
46 5
2 110
15 90
51 139
40 238
35 53
64 498
17 394
71 209
85 431
13 404
58 10
71 298
54 86
22 288
40 343
84 136
97 165
24 28
30 331
93 37
37 370
85 409
61 74
14 38
11 63
89 400
63 328
55 480
44 262
41 214
74 358
55 84
52 348
91 276
41 232
10 349
43 490
99 48
84 366
71 188
44 355
25 455
19 135
91 423
93 483
85 489
54 25
16 371
57 279
57 440
64 286
91 104
18 307
35 493
52 121
75 125
48 315
60 272
6 223
71 81
87 419
66 172
60 391
8 439
45 51
31 358
42 98
49 355
66 335
87 18
57 387
36 467
57 228
34 61
25 276
100 67
18 121
24 61
95 272
49 49
55 139
15 339
4 431
46 470
98 362
49 171
48 177
19 419
82 189
83 32
4 407
64 112
18 150
3 186
88 72
45 385
100 259
15 462
5 13
95 8
34 486
75 238
32 126
1 73
5 71
11 98
26 423
64 266
93 377
11 84
58 196
46 447
35 476
2 277
26 233
20 347
4 389
27 470
42 66
41 140
18 92
23 175
64 292
53 499
90 254
88 491
14 438
22 122
21 129
7 334
35 138
34 17
37 259
24 158
30 62
50 186
55 251
85 219
17 447
65 369
31 9
39 219
23 293
55 152
93 138
36 422
91 9
59 367
44 94
90 63
43 265
18 393
17 353
66 386
42 479
50 85
77 415
34 243
42 178
79 431
60 200
20 333
46 16
37 401
7 12
76 413
50 95
52 66
87 288
31 67
50 372
70 178
31 359
78 313
87 407
73 440
74 358
59 327
10 493
90 475
46 332
72 208
10 96
76 129
50 183
78 159
78 111
43 63
33 201
40 179
61 59
37 279
22 396
17 436
12 271
92 332
94 27
61 451
40 9
26 126
69 50
73 294
54 303
63 311
37 186
54 62
61 303
15 167
4 482
58 427
43 307
94 301
87 307
95 348
84 1
58 452
78 410
78 144
29 20
76 275
65 297
22 186
6 38
3 446
26 257
78 37
48 484
36 367
68 199
22 141
37 437
40 393
17 326
55 277
43 495
77 268
81 98
74 10
41 56
45 74
97 244
37 6
34 382
65 327
89 340
27 275
23 340
92 315
71 442
98 104
65 155
74 415
26 466
44 499
33 381
33 132
8 208
31 346
59 10
87 408
12 76
56 197
55 394
46 243
96 214
1 470
51 88
59 467
43 356
63 354
75 430
75 320
49 491
53 269
43 338
17 417
66 402
22 361
69 283
86 321
55 143
91 455
81 78
76 290
90 196
91 277
15 46
32 154
56 19
93 490
64 429
19 281
62 54
38 453
28 280
45 8
89 273
56 179
25 70
45 142
88 298
24 172
24 270
74 109
2 224
8 231
83 376
10 281
10 349
82 167
49 424
69 422
5 190
56 462
46 471
74 361
43 251
58 253
2 68
90 442
39 116
91 214
62 133
52 121
34 146
63 161
8 111
55 297
60 332
11 127
30 82
83 444
63 454
17 163
34 70
53 334
54 253
60 364
13 115
90 53
95 117
26 368
3 470
84 222
46 410
77 4
86 398
45 470
96 84
29 85
68 368
13 46
44 271
5 376
76 398
20 485
65 247
10 419
93 20
46 405
94 180
74 155
13 111
42 409
96 164
82 136
3 444
76 233
48 348
13 184
78 255
87 444
83 63
90 220
24 245
23 173
48 247
22 113
71 305
43 311
98 262
100 240
100 480
57 166
75 442
99 222
71 117
81 43
38 137
72 177
69 22
70 244
89 454
73 217
74 29
1 386
4 454
7 288
75 351
91 200
12 89
85 395
36 148
11 51
17 390
95 167
87 190
31 148
5 262
76 205
59 490
46 191
59 433
24 374
3 94
60 80
84 135
54 111
37 101
70 353
21 481
63 302
67 17
93 74
27 405
81 387
25 92
96 409
82 398
69 164
80 440
63 206
59 206
86 14
33 263
61 388
21 418
44 466
16 432
66 62
92 165
6 277
58 168
77 71
65 165
63 259
63 13
80 26
76 273
65 20
73 10
7 51
98 289
74 10
71 21
37 308
75 170
93 389
66 440
7 364
10 291
23 495
64 170
7 144
84 317
35 12
96 451
46 53
72 155
53 292
87 375
74 55
97 286
60 475
54 135
13 293
23 143
68 480
86 157
88 15
2 396
44 343
99 353
65 459
38 459
17 402
49 435
33 472
82 499
17 293
46 62
71 251
20 205
77 58
90 421
51 252
63 384
4 405
1 180
64 257
65 154
62 437
93 379
14 80
29 69
42 333
57 71
9 283
54 434
68 76
59 63
40 15
34 429
23 58
83 289
95 251
60 270
20 461
50 6
69 481
47 298
78 57
96 97
35 488
24 401
20 83
70 153
79 388
60 258
14 398
45 34
58 132
40 117
55 309
41 384
31 471
79 304
69 231
22 309
41 384
32 222
81 167
87 418
77 75
24 143
83 256
46 130
1 446
96 119
96 19
9 402
46 360
18 50
86 288
28 34
67 309
87 21
26 116
1 246
88 95
19 436
4 6
3 250
24 391
25 171
69 433
23 215
47 182
55 473
39 199
90 28
33 289
43 271
69 258
56 258
85 126
77 230
51 218
55 500
39 484
99 285
4 328
42 372
83 254
95 392
99 174
11 243
47 133
56 23
53 120
93 197
57 194
37 500
62 201
35 411
42 397
29 249
23 484
15 347
44 317
45 403
6 387
15 60
61 72
94 70
18 235
40 3
6 216
12 462
75 34
30 443
77 153
35 163
88 452
82 46
80 460
26 110
29 287
56 250
12 192
95 283
41 140
80 81
86 459
57 181
60 267
53 253
41 130
79 208
54 254
42 336
13 362
94 2
70 58
39 317
82 427
74 382
92 336
90 226
96 313
65 264
83 182
39 388
72 358
58 304
44 144
47 478
89 353
80 74
30 120
31 158
8 371
17 59
12 370
38 162
87 16
40 95
50 104
17 360
32 454
83 485
80 383
10 159
31 387
57 367
13 360
17 364
71 197
20 391
5 217
47 78
25 198
57 406
92 57
3 342
91 422
68 65
17 235
3 263
47 230
36 35
16 476
48 223
37 472
53 229
8 392
97 53
93 104
32 474
41 69
72 433
43 350
69 435
39 164
50 371
25 343
74 208
37 326
90 416
52 343
89 433
23 112
61 363
19 69
90 82
29 136
89 465
58 249
15 496
66 441
33 222
5 1
62 130
10 79
39 86
15 345
83 248
52 133
3 480
83 80
63 399
20 293
77 359
22 180
45 263
82 40
31 448
39 102
37 319
61 335
80 269
2 403
20 425
61 179
74 269
81 244
86 64
74 277
49 34
74 128
69 492
71 399
6 449
31 428
7 377
88 1
21 466
40 26
3 260
84 441
19 289
57 219
8 101
23 96
77 70
98 158
4 55
13 499
14 214
65 116
55 411
50 419
61 372
75 107
2 398
52 385
5 65
35 387
80 274
92 226
88 476
94 229
13 333
24 56
37 230
9 422
69 146
42 467
57 39
98 397
61 258
28 477
25 243
59 144
31 196
75 147
66 186
14 416
57 285
85 485
76 378
79 222
83 313
22 226
88 19
17 262
37 72
10 386
27 206
54 312
93 254
61 342
88 67
22 110
15 415
38 244
94 464
75 12
98 456
49 280
27 257
20 460
90 116
25 320
50 455
58 330
9 416
11 264
54 176
66 396
97 40
33 23
72 262
78 407
29 200
79 253
70 160
15 329
51 479
69 186
90 460
92 221
27 427
79 369
87 467
10 442
27 19
8 483
25 168
82 108
26 444
68 200
100 29
23 366
33 60
98 398
5 116
97 166
4 110
87 117
68 123
34 500
98 24
9 288
15 308
69 239
17 400
4 182
61 126
14 382
15 304
8 406
36 15
91 161
4 65
57 168
36 452
99 246
50 272
10 338
66 472
65 240
3 360
7 264
86 341
73 115
22 234
87 59
22 142
44 126
63 241
43 490
52 495
47 439
22 58
85 36
59 376
80 439
56 125
97 243
35 330
69 383
50 114
28 49
84 176
38 332
91 93
28 250
72 183
39 460
67 222
73 291
66 394
41 51
27 342
59 194
87 336
20 360
38 92
17 232
77 493
43 369
11 157
31 353
3 144
16 310
44 149
45 211
82 136
87 109
36 435
43 120
15 103
24 139
62 93
43 3
7 361
74 15
45 50
2 207
45 435
36 374
82 266
7 444
92 333
44 70
81 409
66 332
83 499
95 367
44 48
27 228
70 13
95 367
61 127
24 456
60 39
37 359
56 349
94 338
7 450
51 203
64 43
77 75
42 356
67 111
41 5
19 273
23 108
54 409
100 92
45 15
61 368
10 160
11 182
74 13
28 74
96 207
97 429
54 365
4 203
18 254
88 57
73 11
78 235
79 12
42 461
77 270
87 31
22 452
3 130
83 324
78 257
15 325
65 240
47 490
70 192
10 373
90 339
71 245
38 105
50 98
10 27
68 71
36 295
31 104
23 100
85 364
74 211
96 492
59 423
66 170
100 205
86 57
98 31
31 357
64 466
59 277
33 161
62 311
60 88
68 300
76 313
49 461
20 381
39 425
12 6
89 396
41 288
74 119
66 358
32 425
39 154
18 478
78 280
36 350
72 70
53 380
69 68
69 447
47 66
96 68
64 26
27 397
2 144
50 158
90 159
89 499
40 470
83 285
26 74
100 52
40 294
86 267
19 405
10 157
8 31
68 109
30 134
20 173
10 442
70 425
7 282
48 433
99 409
98 133
93 353
27 480
23 7
47 43
17 212
100 397
46 235
33 463
63 490
11 424
90 9
42 59
61 352
56 247
71 360
84 312
70 433
62 239
37 386
4 102
92 190
4 205
66 298
92 96
26 335
74 122
85 369
54 17
3 375
21 271
36 441
79 496
22 440
7 169
24 34
1 229
84 82
44 394
23 268
90 358
88 451
80 206
64 438
78 143
58 102
87 31
68 130
73 214
56 84
36 346
13 447
34 132
4 408
82 12
2 122
57 454
93 436
70 122
87 97
3 437
25 90
30 329
24 135
100 382
52 81
19 314
27 389
84 30
4 305
77 75
11 31
3 244
56 162
10 48
5 421
27 446
77 249
90 431
27 358
82 232
32 493
62 157
44 213
41 105
14 416
16 102
45 327
22 171
1 116
5 437
91 342
71 143
62 494
75 110
50 97
85 455
22 430
64 390
68 2
82 83
31 429
57 386
92 306
24 69
29 26
91 441
44 329
36 353
67 53
90 373
28 308
27 257
90 43
92 338
24 268
100 117
98 380
23 152
66 389
32 84
44 468
100 483
53 169
36 482
52 235
5 2
83 445
39 32
49 29
16 25
32 416
1 443
96 82
34 197
68 496
54 325
93 295
33 456
97 418
5 94
55 391
25 207
99 90
37 261
79 431
35 211
31 313
43 417
84 426
73 452
93 133
45 412
29 170
20 257
45 257
21 375
85 149
19 241
14 250
17 312
71 301
77 427
22 255
97 282
88 313
30 456
55 346
11 425
80 337
95 284
61 329
18 359
25 486
53 92
21 166
59 136
57 40
42 443
92 467
14 367
12 490
21 412
98 266
39 491
13 317
84 173
92 170
3 436
32 421
97 216
42 201
59 343
75 286
58 493
90 100
68 389
38 249
28 297
87 258
65 396
4 173
85 30
83 281
40 112
5 482
82 109
89 415
93 123
70 65
53 86
51 466
42 181
79 426
100 323
78 344
74 274
70 317
93 230
33 356
5 319
50 82
39 198
62 332
21 325
65 141
56 198
4 73
72 434
98 170
85 170
14 247
100 150
99 438
31 152
63 450
90 39
43 104
66 452
83 333
51 113
82 393
57 76
69 358
74 455
92 440
31 326
35 344
60 132
90 35
61 109
56 112
35 139
41 316
94 39
39 297
75 39
25 173
49 170
85 452
12 207
36 241
83 442
3 445
18 215
48 152
74 221
49 288
64 106
4 227
15 435
32 264
66 310
35 217
57 198
21 416
70 203
44 387
83 211
68 321
91 249
16 145
26 307
69 385
17 317
31 191
93 280
63 435
78 451
28 38
35 117
100 433
8 379
36 472
45 61
70 404
5 236
15 183
73 461
37 204
14 232
99 111
52 253
83 437
17 375
91 423
9 155
71 187
43 255
77 436
43 156
46 19
42 497
4 477
3 473
97 239
59 199
23 392
84 271
4 130
69 111
25 8
61 204
69 254
65 7
35 261
19 396
83 221
28 240
84 284
4 176
12 184
73 417
28 96
49 486
64 231
36 46
97 474
17 463
27 175
87 126
53 477
79 184
30 226
41 60
63 207
28 138
43 123
22 475
42 218
35 18
53 455
36 183
20 276
92 370
28 113
70 493
16 155
65 162
59 447
39 407
88 126
60 359
69 370
23 314
36 174
30 295
55 142
3 181
13 218
69 95
18 196
84 377
47 180
80 472
97 187
64 311
48 197
50 183
31 99
77 492
22 353
59 177
43 329
20 17
1 380
2 11
94 17
91 395
79 15
28 227
97 214
7 229
74 425
15 81
24 482
30 421
54 490
4 295
85 247
51 287
84 387
6 66
86 255
61 22
51 168
45 42
2 456
40 201
35 357
4 370
69 349
16 171
21 97
55 482
32 288
76 11
69 210
61 103
38 126
84 117
76 156
35 39
81 270
51 387
42 85
63 298
10 426
14 124
62 267
94 378
100 40
59 257
73 98
47 312
93 435
31 159
42 109
30 304
58 475
76 66
48 14
74 385
46 437
84 90
46 135
39 323
22 20
44 248
47 342
44 275
12 217
53 481
76 205
30 466
12 284
71 407
9 359
79 350
38 192
69 459
24 149
4 392
62 403
91 61
56 46
64 385
83 436
20 35
47 396
35 317
51 104
68 395
60 380
92 455
1 41
67 475
50 34
75 203
4 330
44 392
35 162
84 2
85 216
51 125
30 445
9 457
72 271
19 436
74 150
56 194
75 419
49 272
20 93
63 34
87 64
95 325
29 383
46 489
50 378
78 478
42 196
49 222
95 49
24 254
30 15
79 264
58 495
75 369
39 210
80 242
11 369
52 28
89 480
91 412
7 401
49 372
38 269
49 147
63 363
32 231
85 442
69 401
4 95
85 369
83 10
6 115
33 133
4 56
4 37
96 373
4 462
64 237
51 365
38 309
45 100
73 365
98 132
34 309
57 478
35 265
35 464
85 212
1 441
89 87
10 451
31 481
16 432
35 358
53 459
77 484
1 76
60 242
74 139
78 427
54 93
62 133
56 356
93 63
50 72
96 379
78 393
38 276
40 307
91 407
87 107
24 488
77 500
90 332
88 290
73 237
87 54
20 205
45 478
38 466
77 234
94 349
21 115
83 70
63 315
78 407
41 410
73 69
52 311
6 459
57 226
23 381
7 168
10 296
39 7
96 458
65 28
70 32
26 414
8 446
66 113
21 4
40 11
11 50
52 73
35 105
41 165
32 80
55 171
53 379
22 90
39 43
27 285
91 282
22 397
12 190
53 248
65 424
20 402
29 153
34 315
87 64
3 373
32 217
94 460
15 279
13 223
39 497
58 461
7 141
44 448
62 88
47 232
100 88
89 48
49 404
41 492
53 290
48 122
27 218
17 126
78 402
72 447
69 63
87 12
85 203
1 68
60 201
100 238
68 464
93 63
58 300
46 256
72 317
91 299
14 241
99 457
8 80
5 113
31 490
26 251
5 446
77 496
5 252
90 133
23 176
91 306
8 72
40 384
2 338
17 336
59 183
45 134
51 195
85 118
94 31
14 222
30 6
63 320
61 311
78 445
7 431
45 210
87 494
40 382
46 128
53 173
28 444
51 32
5 85
31 168
27 136
47 127
42 337
88 404
92 376
23 399
71 362
23 489
43 500
21 421
60 353
4 367
47 124
32 223
48 104
32 17
29 65
79 332
68 277
59 425
26 185
3 414
19 382
75 470
60 335
48 94
12 27
42 481
82 131
64 440
7 62
55 264
67 12
51 432
21 56
53 138
27 244
90 34
2 360
46 453
86 211
77 195
54 287
18 427
24 304
81 109
94 319
2 482
39 439
34 415
23 216
93 308
88 30
45 35
90 487
66 355
6 308
87 407
55 157
20 125
68 25
72 321
65 393
89 126
76 279
50 430
51 458
36 45
99 22
52 354
98 70
35 135
62 114
51 146
61 245
82 344
40 140
84 357
28 151
1 428
73 4
51 356
29 101
18 7
89 206
22 354
58 36
25 30
67 12
92 221
73 315
5 359
63 465
55 163
75 348
98 165
92 286
74 466
98 51
14 126
47 300
87 328
86 434
83 122
2 232
99 135
39 446
4 295
29 358
13 146
10 325
83 156
96 301
51 226
80 134
72 180
95 225
37 263
79 432
65 273
41 164
79 53
56 143
28 51
94 410
11 338
89 78
97 69
9 460
69 34
44 227
81 227
23 209
53 75
15 86
32 387
62 240
65 333
34 226
8 107
10 144
93 272
49 419
87 348
23 449
73 446
79 130
73 367
85 448
10 72
87 500
88 214
3 362
81 265
3 171
74 487
33 429
90 371
40 315
46 250
31 382
98 480
20 459
51 314
35 105
98 295
76 237
76 284
42 165
74 332
6 38
3 492
15 261
26 220
67 355
38 74
55 184
37 50
50 253
60 258
24 349
73 175
72 143
81 401
50 324
48 411
66 42
74 269
9 480
87 365
11 480
30 433
16 478
73 300
71 370
84 2
3 121
80 72
16 252
58 251
31 180
32 341
29 252
43 11
97 357
75 16
6 480
70 249
70 162
47 496
66 88
18 359
22 59
83 79
1 416
76 228
56 149
14 122
82 321
8 184
96 170
86 77
34 303
76 492
38 330
91 104
30 236
26 256
32 75
9 411
66 109
38 375
63 79
2 183
65 54
38 106
55 429
41 110
25 251
41 442
70 119
92 51
81 298
17 361
45 51
39 480
98 458
25 477
19 321
30 415
34 114
12 369
20 419
83 377
93 206
100 421
52 365
62 390
46 145
71 191
77 137
80 395
35 442
25 128
60 500
89 334
25 48
80 107
73 160
82 65
33 478
90 67
2 444
75 136
69 467
11 304
72 455
29 155
64 358
97 275
51 209
29 420
90 487
34 306
25 103
95 23
21 189
30 328
34 432
20 1
46 106
98 38
10 127
37 224
21 194
78 99
22 6
86 82
33 452
7 458
19 278
72 330
53 351
6 194
99 140
84 321
54 259
35 77
100 245
85 494
22 254
75 402
42 491
94 155
70 83
7 401
1 411
85 154
1 366
14 471
40 189
41 165
15 242
35 148
52 211
41 18
35 229
73 259
3 234
2 172
69 372
45 485
78 467
34 200
25 485
59 238
7 95
23 28
6 490
46 255
7 320
64 43
8 201
27 290
6 37
25 287
43 430
78 405
58 182
69 258
65 43
17 460
11 218
87 30
15 61
27 482
42 175
35 478
5 64
70 428
73 478
28 158
58 491
1 366
49 492
73 122
9 33
39 36
28 314
81 24
15 361
10 226
59 385
97 193
42 103
6 416
69 99
6 65
59 173
15 455
55 104
12 476
97 67
18 286
2 214
40 289
60 419
37 426
100 490
47 223
79 258
14 310
51 413
41 250
43 181
32 464
16 231
46 163
13 109
53 2
9 415
29 265
88 151
49 298
67 302
40 257
28 284
78 211
78 471
5 119
20 339
35 301
68 285
61 27
30 242
49 325
89 489
95 89
49 325
73 175
98 404
21 453
50 327
27 262
73 63
63 40
84 127
12 419
47 450
94 268
62 403
54 438
15 172
19 288
13 329
67 128
96 81
26 358
87 149
61 187
26 175
3 3
46 108
32 81
89 414
80 319
78 417
55 70
61 240
64 390
95 402
67 345
93 390
50 252
65 367
55 255
92 336
4 466
93 199
67 95
95 333
72 3
63 226
48 27
96 436
91 280
63 173
82 22
56 84
9 308
90 485
58 9
59 42
3 312
35 240
28 82
95 98
53 340
11 126
35 127
25 278
12 305
96 390
63 168
87 230
44 125
52 359
58 109
11 25
91 122
95 119
36 437
22 374
89 279
40 303
57 70
82 248
98 9
60 153
100 370
81 55
23 499
89 464
86 187
68 288
53 99
77 380
19 405
9 25
8 463
45 23
1 26
5 67
82 96
34 413
22 493
2 94
33 155
91 397
10 28
82 305
96 447
1 186
44 236
50 455
31 196
70 444
20 249
24 459
47 431
78 48
3 480
14 84
55 475
57 143
11 387
1 282
21 494
71 323
87 300
43 36
30 442
10 340
17 339
41 151
38 341
72 480
55 51
46 301
93 42
43 500
73 369
41 432
48 33
71 157
97 472
79 143
40 166
75 339
94 134
18 341
22 315
73 290
66 6
56 453
74 361
13 424
87 120
50 239
56 15
69 213
66 441
54 353
50 419
24 459
31 92
89 227
92 36
91 446
27 190
37 20
50 138
87 225
54 334
9 350
18 321
82 99
21 206
59 282
39 254
65 335
81 408
49 14
95 116
83 232
6 490
81 485
98 236
61 365
14 283
28 491
61 294
40 78
3 311
52 282
80 382
54 186
40 127
58 142
40 59
21 319
12 374
81 302
50 180
19 357
82 14
20 316
2 170
92 500
23 381
56 173
1 175
31 121
39 104
80 250
23 102
30 500
61 355
23 425
97 224
89 369
10 155
62 22
16 113
35 331
66 314
95 46
21 201
17 136
23 471
71 288
31 372
12 224
8 488
33 315
52 19
83 457
63 110
96 273
4 252
47 428
59 325
57 463
48 225
14 43
7 172
59 170
41 461
89 217
50 141
61 167
54 138
66 261
9 131
64 200
90 374
90 499
71 435
94 218
51 402
43 309
12 464
68 13
24 354
27 131
58 495
65 379
100 87
44 272
59 479
5 477
53 159
6 371
6 214
27 148
22 84
5 255
38 414
54 9
5 498
80 8
45 273
60 421
42 101
46 176
98 262
26 242
65 55
89 494
15 309
74 288
40 320
18 358
88 367
6 14
67 233
47 470
26 243
98 430
23 272
13 435
13 326
33 104
24 367
46 166
87 144
84 412
78 85
80 140
6 13
78 423
51 364
43 226
62 22
62 314
12 157
67 169
41 405
61 479
11 327
69 76
49 224
9 62
32 247
73 49
45 286
91 101
89 121
2 176
21 232
2 485
64 7
50 388
85 238
50 447
73 165
94 264
74 60
30 252
89 407
95 351
33 2
98 417
68 131
3 36
42 312
33 91
63 234
17 183
58 378
64 395
8 203
44 390
5 280
93 496
93 288
24 500
33 483
49 472
69 247
74 410
73 275
35 247
83 411
3 265
16 420
7 413
76 28
25 1
27 21
80 46
45 346
26 2
90 99
62 109
59 451
95 253
36 183
20 342
18 340
98 235
18 308
79 91
58 85
88 499
100 498
2 428
37 198
8 247
16 298
52 439
3 222
94 410
60 139
1 268
56 452
1 277
33 226
76 26
26 280
2 134
87 239
70 364
52 387
30 15
34 338
34 273
80 397
79 77
48 291
20 349
10 136
32 499
4 207
67 282
11 220
17 279
96 281
94 84
31 117
36 172
72 257
90 196
3 42
43 302
78 404
86 217
80 214
55 56
80 94
10 462
97 398
66 461
9 7
17 318
1 56
50 237
67 402
31 260
35 119
92 289
98 445
43 435
93 433
54 30
84 7
70 336
66 8
65 26
79 113
79 267
87 33
12 45
99 202
37 57
33 320
51 325
69 303
64 145
97 434
61 315
81 379
76 246
84 437
79 472
37 303
88 170
65 303
10 89
15 360
84 111
45 192
57 88
55 68
55 381
2 355
20 232
11 221
86 469
75 465
86 385
49 398
48 469
38 319
16 481
44 392
84 217
6 283
32 104
31 182
90 220
69 194
63 417
49 53
62 53
24 105
16 3
59 189
99 338
66 192
51 185
49 126
9 409
13 265
14 290
74 165
3 9
89 447
67 161
83 476
26 281
70 492
79 150
84 121
45 494
98 230
49 16
71 435
3 489
17 274
53 145
7 43
100 30
72 465
26 342
6 169
36 407
78 226
5 272
84 377
54 353
78 401
63 447
58 270
38 461
95 143
51 59
91 426
16 333
22 100
81 222
54 88
83 489
36 104
32 199
54 185
94 67
33 138
94 35
29 92
86 335
47 328
59 306
93 465
51 475
100 96
93 454
98 466
18 484
55 277
54 117
35 157
2 327
56 264
24 454
12 207
52 122
27 247
40 480
58 125
72 212
90 394
100 238
23 418
67 192
72 165
78 60
6 110
40 27
59 67
51 36
44 469
6 301
22 18
80 95
34 181
45 340
31 57
60 466
85 32
13 309
46 80
60 489
88 475
9 61
9 460
89 431
1 6
18 393
66 380
74 483
80 453
69 391
92 185
12 113
11 12
8 107
62 495
4 179
40 496
6 62
2 353
68 173
66 293
86 350
24 74
66 134
93 305
8 96
92 198
7 8
73 71
4 57
28 77
30 260
99 194
62 434
91 53
67 420
64 349
48 164
15 231
88 118
76 182
22 228
48 17
19 136
16 268
17 368
7 191
42 282
72 132
36 12
16 289
14 446
27 473
34 26
48 143
48 165
78 303
8 27
27 490
63 63
92 172
96 252
55 360
92 382
77 222
58 210
76 491
17 147
58 38
78 438
94 66
6 85
50 237
92 469
26 87
75 477
24 466
55 157
21 36
80 316
67 153
55 102
96 478
4 5
69 466
75 294
42 417
39 311
53 291
35 34
97 246
39 456
49 306
7 302
41 367
22 192
76 156
50 305
87 71
79 423
17 256
21 335
8 75
69 430
22 389
93 473
47 366
19 426
39 232
64 109
74 162
19 274
8 43
5 403
90 445
70 352
94 417
12 465
99 45
69 80
31 231
59 203
45 240
31 204
72 293
7 500
41 192
49 409
74 170
7 484
32 240
45 437
35 304
75 127
11 61
64 87
61 330
55 217
46 318
3 422
39 116
42 172
50 353
10 334
27 438
12 371
98 24
28 138
81 49
5 235
33 485
88 96
70 241
3 204
99 18
84 136
70 105
15 21
31 42
80 369
95 94
76 393
32 62
23 303
47 365
59 435
9 177
31 371
22 332
57 95
7 184
32 254
98 13
33 447
79 10
89 258
41 127
19 347
33 9
15 131
58 238
94 148
74 119
59 332
52 284
71 89
35 87
60 267
2 331
67 121
4 241
11 61
9 139
62 299
94 485
70 443
78 238
66 262
89 493
26 482
73 87
64 85
35 159
93 325
31 435
95 416
47 112
40 225
49 477
87 285
62 3
9 448
10 477
67 169
2 174
31 179
37 476
52 24
82 260
73 426
44 441
52 244
35 230
51 52
46 98
11 347
42 306
29 436
98 378
50 496
88 431
21 201
3 100
86 46
12 483
90 190
74 46
42 181
53 95
99 228
99 8
87 259
97 262
12 355
95 141
1 377
11 263
98 145
3 49
16 63
82 43
82 91
24 257
69 147
80 368
26 61
9 450
61 302
80 472
24 239
29 314
5 410
60 294
73 227
46 294
57 222
76 352
75 256
75 359
1 226
49 439
51 213
23 320
14 492
71 427
8 6
31 222
51 432
15 113
10 318
12 84
21 141
65 250
4 396
83 483
6 5
83 95
14 195
91 255
27 81
69 47
96 430
78 500
17 86
11 234
21 376
56 478
20 474
46 274
20 344
7 37
16 113
99 45
99 174
5 202
11 325
99 217
95 169
82 96
57 182
9 336
66 475
75 80
35 310
7 120
29 52
16 241
99 378
37 467
74 403
98 457
77 447
44 480
35 199
66 234
50 66
60 56
21 80
72 306
8 45
91 410
46 360
17 92
83 96
24 196
92 22
10 288
35 176
45 40
91 190
58 487
44 56
73 428
78 239
56 117
48 7
34 234
39 191
63 201
32 139
81 228
51 291
56 116
96 280
97 65
19 393
31 435
50 470
48 447
78 155
11 320
31 295
61 71
56 91
9 189
11 274
87 24
100 53
89 333
64 191
57 384
27 143
93 4
50 132
4 1
11 350
64 195
98 14
24 329
29 258
52 486
46 346
75 203
4 310
4 445
83 113
68 252
3 433
63 168
87 68
25 175
82 266
11 175
55 468
62 381
38 209
31 106
63 363
72 45
41 412
38 470
89 22
67 122
88 107
66 442
69 341
80 16
12 164
62 431
40 1
72 490
12 384
60 301
56 141
95 63
8 64
35 3
90 93
46 104
64 397
1 119
72 214
65 464
39 228
26 179
91 425
78 117
29 270
88 205
83 464
16 160
18 358
42 453
86 275
56 8
4 386
41 373
5 492
63 120
13 458
94 252
46 56
54 184
82 281
45 232
66 351
98 168
94 6
19 2
17 484
38 70
25 11
66 86
74 179
87 315
5 242
91 489
4 177
43 474
48 179
63 301
63 59
97 116
47 71
99 184
15 408
23 185
61 97
31 290
16 50
69 273
62 87
56 310
69 77
99 264
85 349
17 217
97 349
26 459
3 238
86 271
49 202
100 445
62 86
64 24
71 351
32 415
18 122
95 412
41 316
11 460
67 491
56 291
52 483
21 81
33 79
91 149
17 260
48 370
58 274
34 104
76 60
24 356
88 59
92 301
15 386
50 196
16 265
4 379
16 425
6 27
61 482
39 484
85 244
72 176
31 79
17 194
65 466
50 336
36 266
72 336
61 318
17 235
6 378
20 418
41 449
67 304
91 259
53 484
51 287
32 472
43 35
96 271
40 253
42 327
74 230
99 110
74 382
67 66
56 427
12 154
11 25
11 312
79 305
70 203
45 25
11 330
8 300
96 318
35 413
83 462
30 25
44 301
83 80
13 75
70 129
89 113
42 94
4 415
25 174
98 475
93 61
85 480
53 148
49 167
84 406
18 68
48 109
20 432
82 153
26 109
31 50
3 399
18 136
34 406
17 464
20 408
93 41
56 352
86 207
26 427
50 195
82 134
56 63
47 499
32 77
35 409
77 146
13 391
83 367
83 468
19 200
93 224
4 307
77 265
99 263
39 284
64 481
32 306
94 319
83 383
93 99
92 178
55 495
20 49
22 203
84 250
51 258
48 157
49 208
63 40
36 147
9 205
56 200
20 235
55 197
99 203
58 169
36 12
33 255
64 145
77 367
68 326
10 133
54 18
90 96
20 352
85 114
96 499
53 292
49 422
9 368
69 196
49 273
3 471
23 475
55 228
93 16
52 202
42 175
58 396
14 58
40 341
18 41
35 488
51 433
83 337
13 358
74 336
55 368
51 276
58 91
20 425
15 78
79 274
80 118
13 458
45 152
44 75
91 120
35 303
10 34
12 375
72 345
37 217
1 378
26 342
48 391
85 372
17 217
47 436
1 51
10 184
3 204
76 319
9 235
43 157
86 12
77 360
72 362
54 439
6 267
32 246
22 479
55 90
9 333
80 442
99 182
86 98
44 279
67 228
86 49
52 72
39 19
85 277
83 292
99 180
89 198
34 258
57 418
37 338
98 97
59 44
20 106
13 1
53 445
10 154
95 151
90 315
26 443
89 341
88 141
14 166
4 109
15 80
79 90
16 456
56 383
56 348
87 5
6 40
48 470
52 414
85 250
28 31
33 444
12 392
54 31
51 432
2 402
20 72
29 225
51 61
54 65
66 464
75 177
54 140
78 162
66 179
22 404
78 378
17 382
92 466
31 243
3 327
31 254
85 56
100 443
7 383
30 292
74 391
10 79
20 35
96 28
47 389
20 25
25 55
31 388
25 296
18 105
38 474
42 309
33 250
63 486
55 165
55 179
91 58
95 483
9 43
48 117
16 73
45 415
97 378
93 63
36 273
27 369
27 309
49 446
45 334
5 213
44 188
29 312
18 88
54 317
64 256
84 445
85 26
43 492
93 404
56 11
37 486
22 371
86 116
67 319
96 146
100 335
94 318
20 81
78 265
23 360
2 308
14 496
53 400
41 262
54 268
37 108
95 450
47 66
5 188
41 314
47 456
99 453
64 230
96 43
21 301
54 14
51 417
52 26
44 80
19 419
28 186
83 429
75 341
62 67
77 360
81 20
21 227
38 19
23 144
53 294
84 141
83 29
42 111
40 26
12 341
1 171
70 115
45 288
24 31
79 34
41 85
32 333
27 316
1 337
82 325
92 434
65 352
62 314
15 192
92 225
26 191
62 188
76 125
69 35
19 321
54 319
71 322
38 80
69 310
87 366
22 348
7 263
84 431
56 92
52 278
47 123
53 226
65 185
83 335
34 491
92 206
64 90
19 343
72 363
70 457
15 152
34 102
27 120
52 336
47 245
38 64
49 152
79 79
11 69
35 366
20 444
66 307
63 134
78 464
76 284
83 397
46 125
15 249
49 10
38 190
32 3
4 23
2 52
48 237
57 29
83 228
3 453
21 10
56 129
80 82
23 416
79 271
29 70
4 71
31 281
33 306
92 220
52 438
46 262
97 153
43 445
52 400
59 316
95 25
100 369
96 136
18 67
91 342
24 159
46 88
67 445
86 394
89 98
58 137
53 228
54 437
21 281
41 479
32 63
49 364
97 3
7 110
100 85
38 303
79 379
29 398
47 54
73 125
1 497
7 296
27 128
66 399
27 352
91 336
62 231
2 89
33 299
100 69
68 249
69 76
19 412
76 415
97 359
89 331
54 95
55 100
36 147
9 7
14 363
14 155
21 324
63 70
75 376
72 351
96 113
52 211
54 20
24 363
4 386
23 308
58 491
1 44
16 204
81 191
12 139
65 432
18 118
67 494
6 11
22 379
83 231
46 220
42 284
12 240
92 161
86 245
4 100
17 204
36 457
72 277
43 122
72 440
87 124
68 50
28 65
27 346
61 128
3 41
89 244
57 360
12 413
14 26
32 495
85 433
58 64
58 285
33 108
4 30
33 324
50 85
88 284
71 30
29 332
32 8
21 256
15 114
86 374
37 461
98 64
55 162
52 190
80 429
100 247
5 366
25 200
19 107
14 268
77 250
89 106
97 417
72 259
81 403
65 315
1 24
74 386
23 99
44 199
29 51
71 109
90 157
65 9
100 89
22 471
42 371
1 220
22 490
68 154
27 241
1 441
50 418
47 91
90 301
68 495
59 259
26 84
84 386
87 206
83 161
4 267
73 104
95 408
17 149
76 354
62 423
11 461
81 204
20 461
31 63
50 182
75 15
92 446
19 153
21 253
12 154
40 82
15 401
100 447
57 437
80 229
74 246
73 121
18 440
78 133
63 297
52 135
79 481
47 323
66 299
1 380
87 17
22 494
87 62
8 45
100 131
84 199
54 164
72 333
72 81
54 131
10 192
1 200
27 280
14 233
5 279
58 21
66 472
58 472
50 200
47 449
66 398
36 74
67 332
20 319
16 4
32 295
67 247
89 491
66 161
69 275
21 289
20 110
32 94
72 299
71 434
42 109
64 138
36 316
88 22
98 265
41 55
12 157
7 238
39 361
33 334
36 472
78 141
83 87
23 191
5 149
59 500
15 11
94 143
64 438
98 319
80 97
100 433
7 296
41 326
77 129
92 210
19 165
7 156
7 398
72 196
79 80
30 143
91 112
79 366
84 144
85 46
80 241
36 106
79 449
22 373
58 353
26 86
7 82
85 233
52 185
98 272
64 5
39 418
59 336
100 222
76 186
44 411
4 361
82 435
42 204
10 362
70 395
79 228
70 303
95 85
78 134
45 475
46 420
83 461
6 147
97 56
100 472
12 131
30 127
93 171
22 37
4 314
34 284
53 23
93 295
58 199
73 127
19 326
31 245
65 185
51 208
97 370
1 29
64 233
28 406
18 66
65 8
80 299
68 88
69 359
13 147
6 375
97 53
74 4
65 251
66 313
80 457
52 134
37 471
53 57
8 105
61 497
62 64
19 464
57 343
78 285
12 32
10 261
70 71
98 349
86 28
2 381
12 64
75 208
18 64
34 220
41 369
85 303
20 275
77 233
85 356
17 472
24 8
46 478
81 311
28 434
41 354
99 470
95 170
66 378
66 429
8 185
95 42
75 484
65 327
17 343
37 369
17 92
63 23
35 29
48 367
32 222
30 94
92 238
13 454
48 166
23 305
46 460
42 44
74 236
68 493
8 73
27 196
96 210
27 111
37 426
61 144
29 337
97 196
87 124
46 30
38 448
76 286
97 97
50 190
83 148
85 468
62 51
1 86
66 85
62 422
51 262
34 210
99 135
74 299
65 373
42 48
75 366
60 350
13 425
87 338
94 39
52 266
98 182
73 23
96 405
30 498
86 404
85 441
48 133
37 93
81 47
13 130
56 386
33 62
21 155
85 114
54 122
21 17
4 145
57 298
10 287
42 497
22 68
64 145
65 238
50 152
32 17
71 398
100 7
94 410
58 204
76 311
35 304
64 278
85 468
28 369
91 5
58 163
46 247
53 437
5 91
53 441
53 163
92 212
20 86
27 198
31 138
92 296
2 421
61 385
77 224
97 462
12 302
54 130
90 208
99 134
74 491
38 276
89 250
88 438
52 210
100 117
57 499
98 371
75 237
81 134
95 28
6 346
36 307
86 149
91 335
14 56
4 166
81 92
56 281
32 407
19 91
29 213
27 443
52 338
97 445
38 101
28 308
98 453
52 118
62 91
57 288
9 491
20 272
71 179
13 73
66 222
6 173
10 184
38 401
19 275
5 432
97 53
3 36
77 255
72 258
70 413
75 272
98 267
2 394
46 211
92 20
28 456
52 293
91 47
61 117
92 224
23 478
39 307
89 33
51 191
31 143
50 495
2 302
88 411
53 311
96 217
66 332
24 417
90 250
68 474
77 379
61 466
66 60
90 371
97 90
56 474
21 422
55 301
37 207
56 456
34 463
55 113
15 225
60 453
39 237
86 488
70 55
88 284
42 117
64 301
12 152
32 284
27 366
19 146
53 126
40 206
32 219
9 399
26 493
2 343
48 408
3 235
67 22
28 200
16 481
51 309
22 134
79 37
57 480
27 235
66 475
17 397
56 142
60 463
96 14
24 140
16 81
64 209
1 4
36 4
76 181
97 458
94 300
34 421
74 426
16 393
95 250
23 305
5 224
26 80
57 171
89 169
40 500
94 295
83 267
2 421
65 404
93 201
33 458
63 92
35 262
100 62
68 224
98 441
72 385
38 343
20 197
1 416
36 103
99 497
58 393
81 483
88 266
11 74
18 497
99 441
88 44
77 270
54 284
79 55
69 206
44 268
1 99
56 177
79 492
37 171
86 237
57 154
4 116
6 269
70 44
75 133
32 450
61 203
97 290
32 129
3 463
76 455
25 197
86 218
34 463
79 24
26 236
82 437
98 424
52 62
16 111
53 68
63 358
50 163
80 219
95 384
34 126
78 88
88 123
55 73
24 238
44 190
50 369
76 306
9 129
36 117
25 451
31 346
66 339
87 272
60 90
66 44
52 61
46 310
97 54
27 212
94 203
70 347
71 428
19 235
70 288
26 181
5 163
71 107
17 394
68 72
69 199
79 104
98 363
56 46
29 209
94 141
52 437
76 332
5 17
95 169
5 463
43 427
39 123
67 226
47 146
69 191
78 423
33 494
75 252
4 376
39 157
20 104
21 217
30 100
11 17
53 324
25 373
17 111
84 288
14 280
13 487
13 147
67 449
24 412
41 145
62 500
52 240
61 315
89 210
80 229
90 119
3 151
67 130
1 73
3 388
68 153
62 434
47 307
57 241
47 331
76 421
90 470
72 81
78 24
65 280
94 377
49 363
26 72
58 311
59 344
1 238
89 429
67 429
88 158
40 75
100 387
89 85
93 457
38 413
93 149
49 487
84 93
1 298
67 277
19 419
40 6
89 191
64 196
88 114
45 309
51 76
42 291
44 371
61 255
98 482
32 448
96 320
82 313
2 283
36 195
57 118
6 61
88 149
87 9
44 325
6 488
67 107
33 225
92 177
64 274
78 343
13 78
23 158
1 289
79 490
75 222
37 37
3 330
57 91
78 466
11 289
7 275
67 381
65 299
14 59
20 315
71 132
26 2
33 113
67 197
37 136
90 293
19 463
57 289
29 42
55 361
90 430
68 137
44 385
62 202
77 267
3 225
52 29
57 386
23 422
25 296
51 284
27 278
82 344
14 497
48 300
39 495
5 100
58 395
94 187
49 90
42 251
59 46
63 223
92 164
13 320
68 236
5 238
21 351
62 325
32 172
57 283
14 172
39 116
91 258
88 399
12 319
24 351
26 400
88 286
82 9
10 132
70 479
93 151
43 353
25 13
53 112
17 147
100 163
61 417
37 16
70 446
40 284
32 369
51 300
56 28
11 329
18 448
89 182
77 450
35 200
88 140
100 238
87 395
10 281
71 139
74 349
93 295
22 350
62 39
98 74
66 111
59 500
27 254
63 316
97 179
96 240
94 135
45 126
40 307
94 271
19 383
68 327
49 458
40 154
5 484
83 242
92 470
10 206
86 193
50 475
34 86
30 324
44 389
44 168
51 11
34 147
84 372
66 332
73 296
16 262
37 61
65 372
79 354
76 294
2 374
85 405
8 72
69 78
97 418
1 143
73 376
40 197
100 330
95 138
6 408
96 50
32 249
95 187
86 90
37 421
68 64
55 171
46 276
81 324
99 470
68 453
66 117
94 375
28 337
1 171
28 278
34 364
48 28
94 264
6 14
5 175
11 227
30 493
16 419
99 159
58 186
13 116
93 262
39 207
47 438
43 175
94 363
41 14
1 234
43 299
78 42
88 452
69 488
25 175
64 32
53 415
4 169
88 5
62 383
50 155
98 372
29 52
68 466
100 353
36 168
30 376
44 403
66 80
14 398
76 408
68 191
72 159
54 416
93 147
54 329
5 449
12 40
83 17
19 471
89 165
16 93
99 431
20 368
12 426
40 473
31 274
88 16
52 465
23 349
9 120
25 295
11 58
78 1
81 441
59 271
87 42
98 129
39 483
67 289
32 328
92 121
54 167
21 208
90 371
8 394
66 190
67 254
76 453
39 47
43 85
71 68
6 8
98 129
20 478
49 259
68 88
80 447
25 408
70 10
44 422
40 63
13 211
18 257
4 76
64 362
42 25
48 381
54 358
51 104
99 442
73 485
58 51
36 214
9 365
16 210
40 434
65 98
11 117
53 364
67 369
49 59
64 225
21 303
7 162
86 262
45 24
52 219
72 296
80 418
80 97
79 409
5 155
91 173
71 268
58 251
69 13
41 445
78 36
63 208
73 150
54 472
77 492
73 258
48 105
91 180
35 482
50 18
26 140
47 120
52 110
22 103
78 192
49 489
69 127
57 279
24 131
32 297
30 1
65 209
20 28
5 315
15 282
98 493
61 378
25 465
32 206
44 183
99 326
36 121
71 359
89 244
1 112
19 229
86 24
95 456
91 122
83 104
78 114
62 334
65 397
32 398
2 275
96 32
30 338
27 399
33 138
52 144
6 71
8 153
80 458
8 464
93 179
9 181
34 250
95 390
26 193
41 70
33 86
92 304
4 390
1 378
88 28
84 330
44 22
79 452
92 13
52 275
58 191
58 184
69 10
49 16
28 266
43 26
51 63
17 129
54 340
59 7
83 447
61 198
52 218
3 402
85 325
18 444
18 458
27 140
57 405
55 149
59 84
23 5
59 18
34 251
10 357
65 125
13 161
66 225
28 111
77 171
73 116
70 100
37 211
7 42
17 265
17 268
67 386
57 443
45 346
9 188
2 77
34 340
24 364
24 394
42 193
20 428
51 188
82 421
11 491
79 5
21 72
80 165
4 381
40 168
45 64
86 274
24 103
43 349
11 294
99 305
93 191
77 464
64 39
64 394
100 2
10 377
20 127
28 176
86 49
96 473
43 76
46 153
6 313
91 347
82 115
61 31
44 35
47 304
2 211
36 51
100 256
65 167
48 385
20 450
25 338
6 77
76 370
81 11
7 317
67 190
65 309
93 295
93 191
23 327
42 173
59 5
35 233
28 309
88 424
89 446
69 163
38 93
90 90
86 118
87 196
86 358
32 243
13 293
71 328
88 181
40 208
100 143
66 148
6 170
8 170
10 169
31 18
55 363
86 196
34 481
2 70
85 368
75 440
82 338
6 422
47 138
72 26
68 434
15 455
68 39
52 172
96 165
21 289
42 125
44 339
36 261
76 27
59 55
98 241
67 480
90 381
32 131
59 381
11 352
40 376
37 406
21 98
35 332
85 405
6 43
61 220
45 321
65 354
29 24
57 106
45 158
19 348
62 91
3 454
52 259
59 104
94 418
57 200
90 74
61 298
48 12
83 195
21 409
25 417
35 2
88 151
95 277
49 276
82 74
94 9
56 486
98 334
10 419
57 422
29 105
95 368
24 284
4 472
63 281
8 242
80 413
12 75
78 363
72 281
27 101
66 466
58 214
7 232
82 414
98 23
30 223
58 250
49 343
67 111
79 6
34 398
53 377
95 431
21 483
12 287
26 315
37 60
3 434
40 232
61 370
38 349
10 499
57 353
60 333
31 327
86 231
87 420
69 175
55 464
30 481
58 418
58 360
74 417
78 414
48 7
92 379
86 202
28 354
98 54
20 327
38 422
4 381
87 118
1 14
58 428
82 50
64 301
68 5
93 315
8 3
79 197
43 34
67 167
14 179
84 230
13 325
79 82
64 458
15 498
44 30
54 39
63 121
15 70
52 480
25 83
93 92
17 482
37 282
52 251
40 18
51 500
85 21
26 348
3 244
85 341
19 324
37 63
33 242
100 323
97 448
84 473
40 349
10 474
91 71
64 48
55 424
35 483
2 41
99 147
65 331
15 163
38 386
89 186
59 6
1 433
84 226
33 320
30 326
38 324
8 206
41 268
79 223
36 498
20 168
70 493
33 389
47 484
32 139
5 182
14 280
4 472
16 332
84 350
18 280
81 421
89 258
34 280
39 93
54 174
24 115
59 52
67 100
63 24
29 464
29 441
81 280
23 319
54 441
97 369
1 350
83 121
86 387
47 500
3 22
89 339
18 324
34 309
100 259
6 42
79 407
21 475
13 463
8 19
81 194
49 110
14 453
20 284
42 254
64 268
81 5
37 57
33 330
11 172
72 171
51 267
19 171
88 418
42 168
6 425
6 121
30 121
34 279
4 274
93 409
16 275
54 386
63 164
54 430
58 133
30 219
44 432
16 425
24 21
3 207
61 87
60 452
49 338
13 138
76 422
100 103
90 335
49 53
29 231
92 318
91 72
63 295
24 234
56 496
69 155
41 45
21 62
36 111
62 48
74 346
42 333
11 9
47 342
28 171
28 31
84 345
39 452
30 176
31 148
83 140
77 277
39 349
94 409
78 180
42 196
17 30
44 79
33 465
100 117
95 483
89 144
21 327
16 394
4 108
5 381
2 41
53 499
90 403
92 194
57 405
43 310
83 130
52 468
31 2
13 64
31 313
3 350
52 9
52 334
24 458
50 376
37 348
17 53
93 267
23 411
70 262
35 270
16 398
4 348
92 348
98 438
88 226
29 165
52 26
89 400
11 363
70 46
7 100
5 254
53 350
27 97
100 117
36 112
39 130
70 267
65 392
48 153
25 401
57 144
50 246
57 268
21 277
1 343
17 33
70 308
53 67
12 60
24 36
48 224
45 435
20 8
50 181
37 471
11 294
78 277
2 430
63 269
17 195
80 187
34 276
10 37
78 414
82 272
42 243
22 113
38 197
53 128
74 495
27 241
85 174
11 90
19 265
30 320
76 193
37 233
47 456
11 386
92 164
78 244
44 388
22 372
25 146
37 151
21 7
56 235
32 351
78 312
6 403
68 261
73 124
41 143
67 325
35 382
62 168
66 493
81 357
31 285
22 292
72 105
1 48
14 41
72 184
66 210
86 156
100 480
97 151
57 43
31 332
64 443
65 359
51 235
87 157
79 416
22 222
86 21
43 450
7 402
36 142
59 254
44 497
62 289
75 250
15 102
35 120
61 139
84 407
34 458
27 225
45 253
57 33
47 133
6 402
21 416
60 439
9 182
24 361
42 316
76 478
45 420
62 493
37 360
44 334
82 154
88 228
25 135
62 435
47 479
68 55
95 297
89 98
64 435
21 345
76 380
8 130
10 404
88 416
22 112
8 203
94 247
79 458
95 23
18 151
50 264
1 257
45 346
43 223
76 261
91 472
16 314
86 118
69 164
78 84
23 292
17 391
68 236
35 171
15 497
44 478
16 268
98 249
39 54
13 463
90 108
83 194
62 178
2 131
84 274
56 85
100 415
83 317
35 54
81 284
62 221
1 494
5 435
46 233
61 195
64 277
20 160
65 427
99 312
86 400
46 119
70 203
61 83
25 481
59 405
1 408
90 283
57 122
74 248
87 308
11 231
39 170
11 104
32 212
57 479
75 237
47 283
22 383
30 318
4 124
31 193
98 315
8 354
51 294
81 428
18 263
69 443
83 188
44 365
69 320
85 29
16 266
43 353
43 32
11 193
55 137
17 130
36 474
73 192
35 23
16 163
34 356
31 499
20 229
25 139
52 147
12 428
59 120
58 155
83 183
61 204
19 116
8 359
72 280
51 11
31 132
1 413
12 234
77 187
77 429
32 322
80 90
84 33
32 278
12 247
87 366
14 431
79 41
28 297
50 57
100 40
100 489
90 374
27 473
35 147
22 38
7 82
41 400
63 52
36 265
25 194
54 7
91 341
24 169
70 365
69 58
86 466
17 7
70 478
73 346
50 406
69 318
24 54
20 329
23 80
11 148
85 296
76 422
93 256
53 31
56 180
26 462
63 259
23 177
24 124
34 284
80 114
99 109
54 148
53 254
58 263
72 307
8 125
67 194
38 114
35 8
75 137
69 377
30 77
5 35
74 21
91 451
67 233
71 61
69 470
67 246
11 471
76 202
15 185
33 263
23 244
82 254
15 131
5 340
34 397
89 393
67 41
8 100
33 152
51 372
8 169
51 73
70 89
50 34
84 287
2 265
1 57
13 239
97 25
66 82
9 351
39 412
19 96
12 250
88 378
43 281
5 360
80 395
42 193
99 350
100 176
63 300
31 87
89 279
39 188
73 495
2 155
1 28
14 333
52 45
51 237
28 73
31 397
87 373
81 175
34 278
44 136
91 361
96 20
41 160
59 456
6 168
41 413
84 255
28 406
31 362
93 207
94 146
86 402
31 23
26 82
40 455
94 151
23 368
90 130
78 20
75 205
68 115
6 80
78 387
77 397
82 432
68 121
100 143
3 432
61 323
61 48
8 96
64 245
51 203
24 39
47 75
69 10
52 14
57 1
15 295
5 467
24 487
11 431
14 281
80 351
49 183
91 359
40 461
29 141
22 144
58 296
5 315
56 453
77 237
70 373
95 395
88 208
2 151
74 477
50 326
82 223
90 170
30 388
5 355
69 336
77 430
100 264
80 278
15 348
84 83
70 241
60 148
71 483
20 245
21 450
17 121
5 384
73 316
11 358
21 161
23 294
47 462
10 197
43 79
96 52
73 280
99 312
33 325
60 126
33 248
4 128
46 286
14 137
41 314
18 187
40 307
1 483
85 67
92 429
71 111
74 85
31 252
78 141
100 10
64 239
94 337
19 209
95 22
67 291
63 283
16 69
25 33
10 107
71 1
70 489
79 113
61 6
74 48
48 367
98 332
56 395
74 115
46 210
72 304
26 391
98 271
15 358
45 356
54 141
40 448
48 453
64 333
1 113
39 483
95 55
62 498
74 438
74 114
81 71
90 188
49 482
27 255
13 292
44 371
73 263
52 57
46 285
53 99
34 204
54 229
57 85
9 492
56 144
13 26
5 47
65 7
30 83
26 174
20 195
5 487
71 151
57 367
1 68
91 52
68 48
38 155
52 493
58 111
37 96
4 44
40 16
60 440
23 481
58 92
98 281
84 386
49 258
96 346
31 276
21 107
12 149
100 92
82 398
70 194
88 348
50 179
99 276
76 443
86 199
43 306
53 345
83 335
9 235
100 159
2 195
32 261
36 51
40 264
98 77
48 161
43 418
45 211
39 176
84 285
74 230
95 235
79 106
3 407
84 240
58 165
64 270
20 52
45 229
49 324
63 123
1 245
1 99
6 81
34 220
69 9
7 70
83 299
83 101
95 188
10 199
85 116
83 64
52 334
76 433
7 154
27 50
13 417
62 187
7 120
74 264
86 275
5 487
66 275
85 486
8 109
84 10
47 461
5 495
73 3
63 181
87 497
21 190
39 33
58 445
48 124
30 283
100 483
52 180
61 170
93 73
41 414
68 35
8 75
60 329
98 265
44 426
53 54
57 33
11 457
17 107
52 86
89 375
79 114
68 158
79 152
91 25
92 88
28 410
17 30
95 492
52 374
17 391
56 495
63 417
3 134
3 443
64 121
89 254
34 495
1 398
14 317
51 91
69 498
59 277
18 327
2 258
98 162
16 306
73 343
51 36
24 283
12 194
56 77
49 257
18 427
67 74
90 190
25 176
25 288
20 10
10 89
25 256
45 235
72 133
39 123
45 468
97 437
36 372
55 462
1 71
90 324
46 402
89 490
45 33
48 110
41 187
82 208
87 233
69 283
48 306
47 249
90 414
80 206
36 420
13 213
65 274
83 148
87 104
12 366
95 273
1 1
45 422
13 200
34 327
25 269
74 259
45 335
40 425
41 248
2 324
39 425
69 24
68 135
100 330
54 356
8 427
57 5
56 68
44 10
54 24
6 238
13 200
72 385
36 175
21 495
91 34
1 195
97 139
30 368
98 42
100 234
30 306
27 208
34 444
3 277
85 165
47 277
25 307
24 402
3 222
4 225
96 43
86 206
13 17
89 207
58 398
93 164
59 183
64 48
31 376
73 70
48 14
57 18
2 222
59 246
7 443
45 496
3 7
79 374
62 214
72 56
54 63
31 272
5 110
60 468
71 190
66 151
15 115
51 441
72 131
50 241
6 406
41 408
34 158
83 275
70 372
83 167
96 436
38 80
66 63
50 261
74 451
47 178
70 203
18 267
23 416
4 176
66 227
95 407
8 123
59 218
50 249
68 301
23 191
95 304
16 138
74 493
60 459
76 3
50 100
89 63
79 234
10 193
73 409
20 219
44 376
63 98
95 227
72 298
74 198
74 86
81 14
81 278
45 18
100 440
37 244
37 442
65 476
87 403
25 114
67 112
60 319
70 311
11 72
58 308
91 334
70 268
4 493
27 76
82 399
92 163
33 464
38 326
31 4
41 375
8 316
29 200
7 361
12 414
56 137
56 261
41 247
68 349
40 261
75 353
85 148
80 344
16 403
11 185
34 216
4 307
85 380
74 341
33 146
19 158
4 429
38 164
28 53
11 258
95 127
94 428
71 7
51 313
52 131
49 31
91 213
65 126
36 290
5 238
86 53
68 419
9 42
85 338
88 103
36 118
60 250
27 122
89 29
49 296
88 66
87 222
88 99
68 385
25 381
75 176
46 3
2 306
10 186
17 342
53 487
31 481
3 144
63 108
82 198
43 249
51 214
30 128
75 482
52 99
28 147
35 409
93 349
15 122
58 462
61 388
59 331
11 59
76 475
58 103
29 269
57 18
87 1
61 197
35 438
42 212
9 394
82 348
71 481
95 27
23 54
53 428
70 428
84 261
51 264
11 99
44 236
42 185
55 404
69 151
15 46
57 96
8 319
19 370
92 492
87 181
56 70
35 227
51 146
11 422
9 383
63 166
34 325
3 417
63 322
82 332
97 159
38 52
85 6
91 473
65 477
27 369
57 165
24 360
32 52
48 307
84 324
61 190
42 269
71 151
3 9
71 51
60 61
17 307
81 123
81 160
64 306
6 374
74 421
43 483
6 184
70 106
25 467
26 330
10 36
67 481
15 67
13 5
16 76
85 18
18 225
14 15
30 313
40 337
71 232
22 261
6 116
46 441
29 275
53 327
45 330
3 130
55 489
91 129
9 264
54 267
69 489
22 435
4 71
39 129
64 419
33 437
54 393
3 128
42 137
79 464
19 90
82 315
28 119
34 207
15 420
30 68
55 443
12 91
56 424
96 14
82 386
57 67
80 63
22 374
61 489
79 105
4 29
28 418
52 421
69 299
42 309
38 129
78 235
29 3
92 148
38 220
67 120
78 252
38 141
79 118
31 423
38 354
36 328
26 210
32 478
41 46
66 467
1 84
60 133
96 432
15 326
7 368
80 71
55 135
22 149
1 427
43 151
48 200
52 168
52 195
85 496
93 131
59 166
93 231
100 25
6 253
92 11
7 41
66 197
57 440
87 377
13 94
40 236
4 370
86 472
1 270
45 297
82 283
93 182
78 61
81 186
63 118
93 492
31 483
15 419
59 168
20 318
58 77
16 363
47 441
39 395
98 26
61 58
36 308
9 259
85 227
37 209
74 491
17 291
63 135
1 437
42 398
43 468
72 224
42 104
24 263
44 96
54 483
66 342
90 292
73 376
25 76
15 74
55 149
64 436
46 364
46 411
61 486
43 327
17 381
74 115
20 270
67 204
6 358
7 299
53 131
23 54
72 152
47 417
99 143
98 461
77 430
24 12
81 136
4 398
75 254
52 172
30 438
37 155
82 258
11 231
8 299
25 245
87 392
77 458
70 374
15 96
79 58
22 142
6 329
10 119
54 46
28 207
55 285
19 281
33 255
28 296
48 282
49 441
56 194
69 268
39 249
79 383
33 167
8 479
79 88
45 232
19 86
6 235
39 377
8 222
68 314
49 500
68 180
93 101
59 121
31 308
19 256
50 292
42 337
1 92
53 18
58 450
94 396
70 125
97 394
63 353
18 397
18 240
77 331
55 191
28 158
91 158
61 195
24 67
67 40
3 472
51 266
95 221
58 466
56 169
17 486
14 287
76 59
27 31
19 425
66 409
21 491
25 250
62 411
26 190
28 249
65 393
10 292
5 496
80 408
44 475
33 191
84 104
85 349
84 475
81 425
54 424
57 463
22 404
54 291
14 108
32 59
83 317
33 64
64 197
55 297
3 38
46 284
65 156
86 213
45 326
56 144
83 212
38 114
56 23
12 71
13 76
80 299
41 258
37 435
21 282
36 405
11 208
71 122
81 31
6 58
50 425
79 401
13 144
97 145
48 437
84 460
12 15
63 152
68 418
42 264
82 412
30 360
33 219
26 372
20 285
98 184
87 268
59 364
36 206
53 219
71 20
95 317
33 153
94 302
42 49
11 223
93 251
70 327
14 160
3 246
38 281
38 88
92 203
11 441
44 240
18 392
43 73
9 242
30 150
12 93
60 329
12 261
93 198
47 289
48 7
71 268
55 48
93 193
18 393
92 157
97 203
30 417
2 247
93 416
58 205
78 262
30 248
91 441
89 391
74 498
45 51
70 275
91 386
88 120
67 464
65 79
83 215
11 241
31 12
96 294
100 487
48 276
81 224
29 335
55 4
91 99
100 278
15 378
30 99
70 147
57 86
3 52
58 168
13 204
29 294
34 180
42 169
29 495
51 219
21 327
30 414
93 162
16 486
62 269
89 226
44 484
50 320
82 267
43 189
45 111
82 302
66 155
99 388
57 244
34 122
28 382
50 233
97 422
55 96
41 185
18 313
41 267
100 345
89 424
92 411
35 193
85 168
60 110
23 327
89 238
1 172
25 471
51 77
14 108
20 416
54 173
67 102
14 94
33 463
49 35
90 167
74 74
86 108
21 249
94 365
41 157
7 463
26 415
69 66
13 42
67 106
13 93
14 378
75 459
31 324
29 229
22 363
6 110
49 494
1 52
24 385
52 342
90 473
15 77
72 287
50 311
100 445
35 82
9 125
55 281
57 470
38 105
39 303
37 282
50 281
51 348
61 276
19 292
37 303
90 97
92 369
40 360
71 335
47 355
26 134
83 445
19 23
55 111
56 101
24 69
85 278
68 240
49 394
30 239
16 369
16 231
29 104
23 96
48 26
14 172
47 95
6 226
13 32
37 239
55 67
54 308
62 218
55 145
32 99
28 75
10 279
72 208
79 360
28 355
51 159
44 106
47 270
65 364
78 92
80 62
51 54
33 297
41 146
57 21
19 23
81 317
89 456
39 139
74 168
75 169
77 262
16 272
1 392
23 260
40 225
87 392
87 382
29 35
63 1
58 410
20 461
18 16
33 214
40 145
43 138
43 195
76 410
19 98
51 161
1 240
75 33
35 191
45 71
63 175
82 338
13 128
40 55
19 45
40 215
41 156
44 40
33 88
45 104
80 325
4 280
78 62
69 9
75 129
68 449
51 303
39 64
59 69
88 107
59 275
23 12
46 418
43 187
5 396
65 197
36 235
32 227
91 410
59 497
100 489
32 79
28 430
23 208
31 175
66 194
35 238
78 241
100 487
26 359
6 96
30 391
31 159
7 176
64 431
1 193
41 368
45 459
23 496
100 454
45 162
48 127
70 394
17 461
23 461
23 340
44 359
86 315
80 2
33 76
48 397
63 216
71 100
84 123
55 406
92 34
55 360
37 224
41 132
69 50
42 218
89 417
16 249
91 376
75 450
11 343
52 312
98 4
5 407
19 112
1 455
66 103
55 343
32 35
20 35
72 2
90 249
79 79
78 331
23 408
49 34
11 397
39 341
72 379
64 249
23 433
92 367
5 171
13 299
71 349
98 79
56 470
10 323
51 122
41 24
73 361
6 294
66 162
98 39
35 250
8 433
68 332
21 62
43 96
74 422
53 190
28 473
23 422
15 483
24 274
42 212
13 272
25 351
77 297
76 462
17 448
40 311
91 55
68 157
27 127
86 222
10 86
49 48
67 482
96 353
50 267
72 207
67 333
95 136
6 431
42 291
100 391
5 11
94 87
72 391
89 363
72 286
74 69
61 100
58 125
82 138
49 105
84 18
6 52
76 357
55 464
92 401
15 345
82 10
79 184
61 5
5 258
32 247
73 138
54 122
50 217
77 316
37 27
17 44
84 360
3 35
82 264
9 364
37 236
100 59
44 302
25 362
7 187
4 11
39 298
42 228
14 436
92 413
66 474
4 382
5 42
16 269
21 239
69 412
64 70
86 490
91 401
69 290
3 341
65 69
100 289
25 269
34 119
80 33
16 158
69 91
87 199
100 203
62 460
38 206
71 12
81 411
51 176
100 277
21 33
38 486
48 355
36 250
78 489
64 55
3 63
55 355
95 353
11 258
67 76
37 369
50 273
33 243
87 364
72 240
1 463
13 72
12 476
23 109
30 88
13 439
40 105
35 322
81 148
12 433
63 399
17 150
9 259
57 218
29 401
1 290
3 182
94 18
46 135
97 209
54 342
98 457
5 471
36 301
77 314
76 308
38 49
80 28
4 456
18 110
40 191
28 468
32 132
54 488
11 18
90 343
66 337
68 158
44 122
75 295
64 197
14 203
52 114
54 375
75 205
15 277
12 178
17 472
10 103
77 495
64 347
28 229
62 435
47 169
99 450
95 236
36 302
11 55
25 149
92 259
11 2
57 118
5 41
55 200
43 240
50 130
23 315
88 54
54 460
26 394
16 387
97 217
43 449
62 75
45 484
38 177
46 427
59 310
79 429
87 476
81 75
38 493
46 117
13 391
38 286
9 318
65 333
69 61
75 346
32 288
68 181
91 320
1 447
46 375
58 226
80 50
30 28
12 265
52 419
29 246
59 207
41 236
56 191
26 448
46 89
65 493
46 309
76 273
45 116
13 348
99 124
95 372
72 66
49 401
24 423
88 318
7 69
38 452
28 102
72 291
79 357
72 106
63 367
8 82
92 140
65 106
56 479
15 14
41 351
36 473
16 34
3 235
24 174
60 119
52 443
37 161
49 220
46 283
4 201
92 457
11 348
14 75
18 418
81 314
88 357
30 25
11 160
74 54
68 339
1 199
66 91
38 58
82 364
14 29
83 49
23 34
51 383
79 454
38 75
57 202
9 217
99 486
25 445
24 258
45 339
40 167
73 433
22 179
81 330
13 391
86 192
90 411
7 315
53 291
34 316
66 105
20 147
50 291
70 37
70 27
78 268
51 340
9 52
86 147
2 9
54 193
23 146
69 82
26 294
35 411
28 478
53 344
81 250
64 421
30 319
51 166
2 336
90 316
6 303
57 246
17 219
90 376
76 431
95 234
38 362
66 181
98 169
21 434
4 484
96 203
81 180
64 477
71 376
87 270
32 47
81 188
10 90
45 119
55 35
60 216
86 409
29 85
98 500
31 51
85 191
75 241
3 476
96 159
56 108
39 422
87 112
98 150
49 143
18 450
42 449
13 71
62 180
77 312
74 285
66 67
100 68
4 451
40 67
24 333
5 104
60 37
100 330
74 199
54 250
50 174
76 403
94 39
78 74
42 468
8 338
3 51
5 431
28 62
69 85
52 89
86 55
30 190
1 1
58 367
57 171
20 173
1 127
35 20
22 345
59 368
11 248
73 462
76 448
62 77
28 93
3 138
47 239
73 270
19 232
97 79
39 18
85 378
24 89
86 343
2 95
5 169
31 303
33 224
38 442
99 348
95 196
62 425
20 122
20 207
51 28
92 222
66 22
72 258
87 495
98 263
74 49
31 381
8 62
63 154
93 322
39 4
40 235
36 284
85 453
75 247
55 237
2 345
16 36
18 367
61 52
69 465
42 87
30 215
22 91
34 299
31 116
53 216
5 247
22 17
38 172
19 178
25 103
9 190
19 300
30 264
18 203
60 96
26 137
33 36
13 152
7 63
54 240
22 236
24 83
7 316
92 302
4 366
83 178
21 395
53 370
29 394
95 129
22 196
31 50
49 214
89 282
1 119
16 194
33 129
3 290
40 336
37 453
21 457
23 249
35 60
76 458
3 403
62 14
95 233
39 300
21 168
90 485
93 494
15 134
47 234
9 151
89 393
50 423
75 407
32 306
39 211
34 127
19 325
52 278
77 372
84 405
74 391
57 37
14 180
5 299
67 203
77 223
13 231
92 329
69 250
66 375
12 74
82 330
82 468
33 76
57 204
84 346
68 425
24 449
57 366
49 318
2 1
41 298
64 291
1 139
56 32
45 453
23 228
95 371
3 451
74 302
50 17
69 150
38 121
64 470
70 363
31 171
68 403
100 136
83 404
35 245
55 376
56 39
31 22
63 406
71 438
69 386
90 492
21 3
61 375
46 317
56 215
79 226
56 229
18 269
2 402
65 122
99 487
17 103
21 195
89 479
13 405
20 461
37 4
2 439
20 164
68 475
12 126
41 203
63 343
59 196
44 473
10 332
24 75
47 383
1 147
61 254
98 105
53 395
12 125
91 80
40 471
36 439
25 229
77 173
96 190
19 422
22 38
76 393
73 435
95 88
2 242
83 14
66 173
66 59
55 87
16 4
16 360
45 168
72 351
99 365
32 257
26 455
8 141
14 338
99 168
75 198
80 273
39 360
36 449
18 63
33 319
85 304
25 476
26 357
20 213
99 359
58 309
9 3
61 324
24 122
61 424
36 161
48 423
30 84
60 389
4 53
35 140
25 495
43 238
81 207
62 498
53 51
67 224
90 314
33 25
58 91
92 126
58 161
78 73
38 62
7 262
82 342
8 371
78 215
57 110
1 154
45 318
17 297
63 392
98 371
1 339
12 135
31 314
54 385
61 333
96 253
13 344
43 282
57 419
100 182
28 136
18 406
78 213
100 500
17 245
22 359
33 59
70 72
27 37
34 26
18 173
53 311
22 489
79 461
78 460
29 273
23 405
92 139
89 116
88 222
13 61
84 270
16 439
60 68
68 154
76 12
56 25
35 434
20 135
10 202
22 294
86 448
19 316
47 496
65 458
54 337
40 166
42 260
99 129
30 411
49 105
54 239
44 479
92 211
70 493
92 334
97 418
43 323
63 46
79 395
87 27
51 414
62 160
14 293
53 437
41 243
6 339
46 375
2 361
82 118
2 51
13 153
41 23
52 61
80 386
8 254
54 344
82 68
50 453
90 69
43 170
67 322
16 419
22 323
13 119
83 214
25 414
57 227
7 193
14 288
65 100
94 462
95 320
62 73
81 307
53 219
53 492
38 298
31 149
92 457
82 395
21 217
54 461
45 92
13 477
47 174
91 336
25 142
57 99
61 283
75 489
86 184
26 299
60 437
6 182
59 187
68 263
70 193
45 117
91 288
31 82
17 12
2 251
22 192
17 449
94 247
23 80
43 140
31 380
91 56
10 213
59 358
59 223
21 295
28 384
80 90
57 144
38 17
17 44
71 474
71 103
25 25
25 471
3 195
91 486
37 198
79 250
64 353
33 237
46 331
4 44
93 279
42 264
8 455
29 31
26 357
42 221
1 369
22 366
50 32
23 261
20 189
60 345
42 294
56 163
33 461
20 189
12 371
98 433
74 244
37 269
37 213
7 353
52 383
30 14
96 269
66 313
11 239
41 95
25 267
84 284
54 232
26 489
83 118
94 71
95 158
18 393
22 346
5 17
57 22
68 473
21 292
49 411
61 449
83 407
17 366
34 81
61 278
82 394
16 276
22 63
53 123
83 351
95 135
29 424
77 364
1 349
69 458
27 251
76 39
22 270
46 185
46 192
54 117
85 164
25 68
97 452
39 116
89 136
74 162
62 178
86 371
96 58
53 395
77 491
71 313
65 446
12 56
15 223
53 122
11 137
53 491
60 174
61 268
68 51
70 473
81 80
77 91
66 327
11 431
3 417
46 194
29 13
12 49
62 438
90 321
7 163
40 9
6 433
79 369
19 444
99 157
17 357
58 230
95 160
56 201
28 276
17 32
6 91
40 466
30 28
82 289
26 169
62 358
24 290
97 485
87 475
37 270
95 166
18 75
6 409
93 6
36 245
48 453
91 147
25 117
88 345
23 64
63 396
26 474
94 232
39 377
59 117
27 103
59 357
63 33
31 203
96 454
69 194
87 278
56 389
60 44
95 473
62 192
55 127
38 332
83 248
10 389
24 117
15 222
16 176
14 169
12 481
3 85
88 121
31 411
14 141
39 63
100 121
28 182
46 458
2 110
83 412
96 217
81 340
77 157
91 331
8 95
26 227
52 15
52 254
54 375
85 235
52 424
78 228
31 90
19 29
56 254
47 70
66 480
39 121
83 409
39 456
96 115
64 6
13 255
71 480
85 48
60 84
90 414
59 358
65 395
30 293
1 181
15 422
73 348
77 412
10 286
1 117
81 116
51 157
21 127
13 383
69 460
76 144
8 56
96 40
73 395
12 13
41 79
18 131
15 411
16 209
62 28
45 270
45 72
58 332
43 149
75 439
60 228
72 449
64 343
3 228
47 40
5 230
8 103
45 289
77 346
84 285
44 378
94 101
55 109
91 495
49 150
73 357
36 356
65 277
9 39
16 309
90 135
20 62
3 146
76 184
56 448
16 491
58 122
96 460
59 244
70 191
2 122
14 467
83 200
42 287
63 144
94 324
96 336
78 175
56 373
14 228
35 403
57 491
9 206
56 354
52 309
85 203
66 328
99 336
43 467
68 416
46 357
54 51
68 455
75 81
33 146
51 334
41 477
54 226
98 387
38 256
84 23
97 432
73 306
15 149
35 23
79 107
74 456
72 121
26 387
42 262
96 137
76 306
20 96
68 483
55 388
93 297
46 496
48 285
19 290
43 96
95 82
54 420
99 111
79 399
6 149
91 320
75 184
61 374
67 498
94 290
18 171
66 37
18 418
50 286
64 21
86 220
74 481
78 459
33 71
63 176
28 378
3 130
97 429
73 200
58 116
73 292
82 430
92 232
93 370
23 431
5 243
41 30
10 139
42 373
61 283
37 404
92 364
2 417
21 218
1 139
53 429
17 408
79 135
28 31
45 52
26 101
64 435
92 497
50 134
79 85
61 165
41 195
15 447
51 144
41 397
60 476
24 307
77 370
36 220
58 313
31 247
59 183
2 83
46 217
94 160
64 367
78 439
66 162
27 125
23 123
80 319
55 422
95 4
17 454
51 125
53 350
91 397
99 109
76 369
72 482
22 499
78 304
25 31
33 272
77 12
29 479
30 303
45 81
74 361
3 17
83 260
77 343
50 24
94 428
8 286
93 281
67 85
41 219
44 331
82 225
30 345
22 342
11 443
19 57
13 106
76 422
60 304
51 223
74 77
67 427
88 490
90 493
71 170
16 320
45 308
12 114
60 444
93 463
79 297
17 79
16 355
55 150
6 172
55 10
21 52
15 474
2 213
34 499
31 432
71 324
2 57
15 226
33 285
11 327
22 430
42 70
72 39
94 188
14 17
88 261
57 369
41 18
72 350
22 33
23 397
19 490
57 20
72 277
24 464
84 40
92 142
83 150
11 480
89 104
70 459
79 119
36 263
58 246
49 107
6 297
8 411
8 426
49 335
19 412
24 124
59 213
74 237
55 332
87 152
81 242
99 425
76 192
89 128
49 230
16 386
29 419
60 240
97 17
82 379
87 470
11 371
93 270
18 254
99 359
98 80
46 27
89 277
54 53
32 438
43 283
59 96
59 453
37 273
19 458
27 264
93 451
72 391
81 484
41 203
74 99
26 479
35 194
93 377
77 165
64 94
4 296
93 381
21 385
10 481
78 489
54 374
48 283
47 189
28 134
92 130
37 153
1 347
77 255
29 94
66 152
99 44
7 241
66 388
31 127
34 226
21 430
98 60
53 91
60 460
9 312
17 284
64 244
5 138
71 303
51 300
37 370
100 159
32 330
90 271
61 17
83 450
36 378
95 448
99 426
79 218
45 423
30 185
22 328
97 358
90 205
73 67
89 68
11 129
37 392
13 380
5 325
8 22
16 8
41 92
67 1
56 129
60 182
9 320
4 22
57 165
17 177
13 275
19 189
92 296
47 298
79 108
22 282
45 394
97 5
73 357
97 223
63 178
53 81
100 183
93 101
77 72
73 444
86 199
42 106
88 125
1 197
33 315
86 245
9 370
22 436
17 75
52 428
48 41
64 229
78 500
94 37
64 442
90 309
3 460
35 118
57 396
9 315
49 328
1 301
70 410
72 109
6 45
85 112
11 442
75 205
19 4
38 498
12 29
67 388
14 378
30 185
4 81
55 158
36 17
24 162
75 57
7 144
69 341
7 4
68 493
39 473
99 163
82 81
61 471
16 74
30 473
82 499
89 199
64 78
3 216
75 4
25 476
21 242
32 269
87 455
84 193
87 237
22 449
33 5
65 225
91 337
27 73
39 109
49 195
68 469
20 266
57 200
62 219
21 378
24 142
16 13
37 127
85 282
96 33
64 491
29 403
13 464
81 473
38 330
38 98
6 237
29 475
3 281
19 458
85 376
38 472
79 423
57 35
77 471
93 396
67 149
41 469
85 244
36 206
75 66
94 285
27 134
32 155
69 440
72 449
34 69
97 310
48 356
22 473
48 445
81 183
25 289
69 238
77 87
64 41
1 454
67 63
14 490
67 121
65 63
82 335
59 368
24 410
86 376
58 421
22 387
64 112
79 379
66 184
37 408
42 247
93 57
95 283
100 111
69 427
62 236
91 381
29 229
45 62
49 12
8 442
30 61
78 335
28 349
30 129
54 203
72 103
51 135
93 220
84 184
5 359
86 471
93 203
51 420
79 259
83 487
63 221
77 43
55 10
93 25
47 250
88 13
59 120
30 305
92 235
75 406
9 210
22 170
26 73
74 254
82 265
89 417
97 63
78 418
96 295
53 427
79 75
74 421
7 9
14 449
10 76
25 320
80 239
45 471
80 79
53 354
38 312
62 115
33 121
18 117
99 87
13 1
8 323
57 91
53 23
40 78
42 343
57 210
50 480
52 134
61 196
53 425
67 403
83 319
75 210
92 384
62 286
1 393
65 228
52 232
63 418
4 161
68 488
68 477
15 431
34 381
23 22
78 410
53 476
31 200
43 225
69 472
47 260
100 139
93 248
52 363
39 150
93 332
16 386
97 295
71 366
4 134
69 39
3 369
12 41
68 351
9 449
88 480
84 149
18 237
54 356
52 12
80 410
52 382
30 230
57 154
46 487
65 472
83 48
49 406
60 275
83 66
89 19
3 16
100 292
57 117
91 216
93 92
17 200
12 68
70 100
99 86
37 75
78 368
69 272
7 402
45 430
23 296
51 423
67 73
54 70
2 366
64 75
87 254
80 450
2 72
45 160
52 202
98 341
31 293
7 253
10 316
47 153
92 189
12 305
78 346
40 332
40 1
45 303
53 498
100 97
2 240
77 498
83 122
58 271
31 343
97 185
33 153
11 402
84 286
70 160
8 183
49 427
37 500
26 154
19 333
5 313
51 112
75 285
34 82
74 47
10 78
55 118
21 459
15 99
84 126
74 70
68 404
37 410
57 238
79 469
55 113
23 309
81 154
60 47
86 327
100 394
94 487
77 218
97 132
37 441
35 106
85 305
79 446
60 372
85 280
25 244
66 473
78 231
46 497
70 462
97 412
94 272
97 449
75 5
59 76
51 56
35 84
17 418
65 252
6 140
65 392
34 291
3 122
98 493
55 462
91 27
95 473
42 341
55 309
9 389
4 5
35 148
40 118
64 385
61 115
63 279
96 461
59 345
88 318
39 248
47 70
25 429
51 423
98 68
33 337
60 128
46 217
92 316
67 156
68 301
75 102
83 321
3 375
100 460
53 92
25 152
79 466
26 406
78 485
81 86
82 467
18 372
37 51
97 237
20 108
23 80
89 325
19 338
33 415
78 110
67 324
45 329
2 62
57 348
28 195
74 104
47 95
25 119
64 124
56 19
26 48
4 56
56 244
53 101
27 288
55 320
10 439
53 406
90 356
37 233
92 401
63 260
28 275
3 490
28 167
4 310
38 475
35 150
43 96
34 388
12 398
49 270
33 404
2 17
7 350
28 422
2 228
27 466
84 225
62 456
37 384
45 226
67 318
19 402
83 428
47 245
9 310
55 295
97 231
13 260
42 167
81 170
35 147
18 104
96 357
89 379
66 364
15 351
14 200
14 240
23 64
2 153
98 283
20 13
33 281
36 8
7 396
88 312
71 371
12 56
3 277
19 237
39 201
14 76
35 441
55 175
13 177
17 132
10 237
74 462
18 153
89 100
73 320
29 303
65 495
25 444
2 255
42 95
49 305
42 458
13 217
30 145
45 214
67 437
37 57
28 303
31 63
86 382
33 347
32 489
46 355
33 426
49 254
93 441
32 396
99 361
52 473
8 364
52 203
63 294
65 17
6 48
29 236
77 432
38 117
73 64
17 367
49 58
18 399
20 311
63 273
13 349
85 44
71 9
42 449
51 465
63 360
52 60
8 11
9 336
29 163
77 344
55 28
47 242
48 241
59 433
91 208
17 489
96 159
52 304
26 334
38 147
98 483
22 361
71 200
94 144
74 480
50 499
44 73
68 308
29 296
58 314
76 393
73 355
64 276
67 360
61 21
100 308
24 448
92 53
26 232
12 412
60 224
17 352
43 354
89 94
78 204
81 423
44 225
7 21
58 285
81 179
42 15
41 419
17 46
50 361
95 309
39 470
36 212
51 310
16 500
80 170
2 106
76 44
70 215
81 496
1 234
40 111
70 66
37 190
82 193
100 129
67 218
51 76
37 491
70 402
5 218
83 381
34 497
71 313
100 383
21 328
78 97
74 361
57 305
56 295
11 38
62 357
77 284
92 300
59 234
80 44
87 456
32 270
25 106
79 22
51 366
49 337
29 280
57 289
86 105
38 451
55 352
41 92
95 113
2 408
56 75
31 4
53 315
33 155
24 87
26 46
50 39
59 238
17 383
87 70
45 416
51 38
86 140
51 308
69 388
53 405
2 348
93 401
60 366
53 86
67 222
53 418
66 394
6 92
31 432
70 38
3 4
63 280
6 296
30 59
88 373
85 66
97 240
49 245
47 261
60 352
45 59
89 486
38 163
45 392
50 117
100 375
32 177
43 297
1 414
92 290
80 341
71 137
66 208
30 430
88 233
21 245
10 500
4 22
51 427
62 399
74 89
16 154
43 286
89 16
83 14
3 65
12 143
45 132
56 331
54 169
67 288
70 25
40 147
56 382
92 78
12 80
33 393
6 263
57 263
66 66
25 310
41 263
29 444
77 36
41 385
48 62
41 17
2 492
28 296
84 41
90 14
79 438
9 268
10 14
1 84
39 115
18 412
40 458
14 414
1 301
46 75
60 96
42 13
17 109
1 437
7 329
53 485
47 212
10 382
48 70
44 2
70 263
84 123
43 36
24 343
87 187
61 299
18 113
73 222
75 149
36 188
31 228
20 282
100 343
69 100
56 180
94 383
57 418
60 212
10 42
90 294
97 154
62 352
66 303
15 131
41 388
40 396
39 307
80 241
86 79
74 444
86 249
2 106
59 419
16 70
84 336
17 144
65 397
85 487
96 15
88 40
37 266
39 70
31 21
24 279
22 332
4 136
38 31
89 356
36 379
40 53
27 433
21 44
22 117
84 390
53 181
82 26
60 31
17 145
27 180
17 319
50 322
64 20
96 402
54 135
79 414
80 178
10 203
85 494
28 250
46 136
23 84
36 244
34 166
88 485
23 210
2 134
19 236
81 475
93 360
34 486
82 340
38 423
26 400
69 271
14 4
9 33
83 434
56 395
16 125
45 382
35 161
24 270
74 267
40 201
7 251
40 34
68 13
13 430
77 365
79 462
74 287
2 282
54 253
91 257
28 362
50 57
59 467
6 125
89 307
84 398
35 313
93 410
57 488
87 231
88 326
84 199
67 278
48 46
38 222
96 120
28 70
83 193
75 380
9 335
10 288
78 427
26 364
52 130
41 363
72 357
27 131
39 462
86 126
55 113
93 337
3 120
34 444
48 99
12 78
5 150
75 110
45 75
39 416
18 414
36 432
2 196
14 247
30 240
53 483
97 4
17 18
82 167
36 418
8 313
44 319
1 100
94 444
35 290
49 495
99 99
99 264
98 404
18 228
21 332
93 5
96 166
64 500
11 255
49 426
15 269
33 217
82 256
38 396
49 485
18 315
42 332
12 126
79 226
53 12
17 350
94 84
36 439
100 445
42 383
61 373
46 95
53 306
7 271
47 376
53 230
85 446
36 306
60 328
14 137
57 196
30 219
12 80
26 360
7 327
68 436
51 167
37 345
94 439
73 72
57 265
63 28
9 74
12 219
59 144
34 41
40 424
11 406
100 124
30 428
84 279
21 269
73 452
11 237
62 355
20 167
3 142
58 72
28 472
71 157
58 88
93 3
68 495
89 460
76 85
67 499
11 249
76 86
38 144
17 218
15 416
95 377
23 165
3 488
97 67
60 444
71 442
99 282
56 99
27 167
26 67
53 197
84 108
13 135
62 358
94 361
88 64
18 28
84 152
58 59
20 373
96 482
44 190
89 298
95 470
34 201
100 178
58 271
15 314
22 245
89 483
39 433
100 168
50 67
19 464
70 498
17 324
71 257
56 358
23 435
67 37
93 242
80 493
39 396
64 441
64 251
100 143
39 166
21 412
59 443
26 429
79 480
56 405
84 261
18 168
12 238
95 312
57 280
81 94
51 445
7 454
78 338
1 430
39 417
70 368
88 422
2 147
46 73
22 256
75 296
40 350
1 410
23 158
58 121
19 295
100 484
4 169
70 465
5 208
75 5
11 496
86 347
79 150
95 309
13 137
26 16
97 402
17 120
75 97
63 380
69 453
18 475
96 254
60 136
20 76
6 410
28 339
44 106
86 277
33 113
78 392
90 80
65 257
17 427
59 463
16 182
81 88
30 74
37 264
41 471
87 372
13 344
85 62
59 364
49 337
65 104
49 20
30 229
84 154
45 123
95 17
71 34
30 27
48 132
68 376
9 331
44 434
71 108
94 217
71 364
30 374
15 366
39 142
48 246
58 35
68 124
56 335
85 416
92 300
43 161
10 119
39 155
97 71
45 37
88 476
23 162
19 168
66 108
42 426
52 459
27 342
82 79
28 149
57 424
43 205
44 101
97 138
76 195
84 362
22 287
9 327
68 127
78 3
90 1
72 268
63 276
27 256
36 259
80 42
93 431
59 243
2 357
51 204
75 248
75 357
15 283
50 181
33 366
61 398
52 377
20 76
69 150
94 229
38 169
64 452
73 120
77 222
94 188
7 472
65 152
5 106
27 340
88 71
87 139
26 147
76 265
29 181
69 76
64 413
19 203
49 201
86 488
71 382
19 122
12 181
13 330
10 398
51 203
49 77
69 179
28 472
37 352
25 268
35 130
38 463
68 455
81 2
28 305
78 466
2 311
100 192
28 475
53 257
39 310
39 239
96 65
19 406
72 290
47 410
49 165
46 41
65 213
94 115
98 193
3 491
91 104
54 253
62 133
36 479
98 263
80 377
55 189
87 180
8 391
51 260
61 344
89 309
13 387
35 491
41 280
80 442
57 276
70 232
38 355
58 328
93 357
46 2
79 451
84 264
30 128
41 365
67 144
32 132
72 391
67 400
72 272
11 305
96 264
60 81
53 274
47 71
15 49
24 444
36 332
26 396
77 436
73 120
68 119
2 414
95 260
68 496
84 459
62 36
62 235
20 407
78 65
99 177
9 490
50 417
5 159
65 53
82 144
15 76
7 67
62 258
22 263
33 324
8 137
35 133
64 213
26 403
94 216
11 422
47 28
7 490
3 233
81 447
69 311
87 334
65 131
42 42
20 291
38 476
